label,10_u1_80_p
time_s,envelope
0.000000000,26.293142
0.000113379,26.291876
0.000226757,26.290613
0.000340136,26.289351
0.000453515,26.288092
0.000566893,26.286835
0.000680272,26.285580
0.000793651,26.284325
0.000907029,26.283073
0.001020408,26.281822
0.001133787,26.280575
0.001247166,26.279327
0.001360544,26.278082
0.001473923,26.276840
0.001587302,26.275599
0.001700680,26.274357
0.001814059,26.273117
0.001927438,26.271879
0.002040816,26.270641
0.002154195,26.269407
0.002267574,26.268171
0.002380952,26.266937
0.002494331,26.265703
0.002607710,26.264471
0.002721088,26.263239
0.002834467,26.262005
0.002947846,26.260775
0.003061224,26.259542
0.003174603,26.258312
0.003287982,26.257082
0.003401361,26.255850
0.003514739,26.254618
0.003628118,26.253387
0.003741497,26.252155
0.003854875,26.250923
0.003968254,26.249691
0.004081633,26.248459
0.004195011,26.247225
0.004308390,26.245993
0.004421769,26.244757
0.004535147,26.243523
0.004648526,26.242287
0.004761905,26.241053
0.004875283,26.239815
0.004988662,26.238579
0.005102041,26.237341
0.005215420,26.236105
0.005328798,26.234867
0.005442177,26.233627
0.005555556,26.232389
0.005668934,26.231150
0.005782313,26.229910
0.005895692,26.228672
0.006009070,26.227432
0.006122449,26.226191
0.006235828,26.224953
0.006349206,26.223713
0.006462585,26.222471
0.006575964,26.221233
0.006689342,26.219994
0.006802721,26.218754
0.006916100,26.217514
0.007029478,26.216276
0.007142857,26.215036
0.007256236,26.213799
0.007369615,26.212559
0.007482993,26.211321
0.007596372,26.210083
0.007709751,26.208843
0.007823129,26.207607
0.007936508,26.206369
0.008049887,26.205132
0.008163265,26.203896
0.008276644,26.202658
0.008390023,26.201422
0.008503401,26.200184
0.008616780,26.198950
0.008730159,26.197714
0.008843537,26.196478
0.008956916,26.195244
0.009070295,26.194010
0.009183673,26.192774
0.009297052,26.191542
0.009410431,26.190308
0.009523810,26.189075
0.009637188,26.187845
0.009750567,26.186613
0.009863946,26.185383
0.009977324,26.184155
0.010090703,26.182926
0.010204082,26.181698
0.010317460,26.180471
0.010430839,26.179247
0.010544218,26.178024
0.010657596,26.176804
0.010770975,26.175583
0.010884354,26.174366
0.010997732,26.173149
0.011111111,26.171934
0.011224490,26.170723
0.011337868,26.169514
0.011451247,26.168306
0.011564626,26.167101
0.011678005,26.165899
0.011791383,26.164701
0.011904762,26.163504
0.012018141,26.162310
0.012131519,26.161121
0.012244898,26.159933
0.012358277,26.158751
0.012471655,26.157570
0.012585034,26.156393
0.012698413,26.155220
0.012811791,26.154051
0.012925170,26.152885
0.013038549,26.151724
0.013151927,26.150566
0.013265306,26.149412
0.013378685,26.148262
0.013492063,26.147118
0.013605442,26.145975
0.013718821,26.144838
0.013832200,26.143705
0.013945578,26.142576
0.014058957,26.141451
0.014172336,26.140329
0.014285714,26.139215
0.014399093,26.138103
0.014512472,26.136995
0.014625850,26.135893
0.014739229,26.134796
0.014852608,26.133705
0.014965986,26.132616
0.015079365,26.131533
0.015192744,26.130455
0.015306122,26.129381
0.015419501,26.128313
0.015532880,26.127251
0.015646259,26.126192
0.015759637,26.125141
0.015873016,26.124092
0.015986395,26.123053
0.016099773,26.122017
0.016213152,26.120987
0.016326531,26.119963
0.016439909,26.118944
0.016553288,26.117931
0.016666667,26.116926
0.016780045,26.115927
0.016893424,26.114933
0.017006803,26.113945
0.017120181,26.112965
0.017233560,26.111992
0.017346939,26.111025
0.017460317,26.110064
0.017573696,26.109110
0.017687075,26.108162
0.017800454,26.107222
0.017913832,26.106289
0.018027211,26.105360
0.018140590,26.104441
0.018253968,26.103527
0.018367347,26.102619
0.018480726,26.101719
0.018594104,26.100824
0.018707483,26.099936
0.018820862,26.099056
0.018934240,26.098183
0.019047619,26.097313
0.019160998,26.096451
0.019274376,26.095594
0.019387755,26.094746
0.019501134,26.093901
0.019614512,26.093061
0.019727891,26.092230
0.019841270,26.091400
0.019954649,26.090578
0.020068027,26.089762
0.020181406,26.088949
0.020294785,26.088144
0.020408163,26.087341
0.020521542,26.086546
0.020634921,26.085752
0.020748299,26.084965
0.020861678,26.084181
0.020975057,26.083401
0.021088435,26.082626
0.021201814,26.081854
0.021315193,26.081087
0.021428571,26.080324
0.021541950,26.079565
0.021655329,26.078808
0.021768707,26.078056
0.021882086,26.077307
0.021995465,26.076559
0.022108844,26.075817
0.022222222,26.075079
0.022335601,26.074341
0.022448980,26.073608
0.022562358,26.072876
0.022675737,26.072149
0.022789116,26.071424
0.022902494,26.070702
0.023015873,26.069981
0.023129252,26.069263
0.023242630,26.068548
0.023356009,26.067835
0.023469388,26.067122
0.023582766,26.066412
0.023696145,26.065704
0.023809524,26.064999
0.023922902,26.064291
0.024036281,26.063589
0.024149660,26.062885
0.024263039,26.062181
0.024376417,26.061480
0.024489796,26.060780
0.024603175,26.060078
0.024716553,26.059376
0.024829932,26.058674
0.024943311,26.057972
0.025056689,26.057270
0.025170068,26.056564
0.025283447,26.055862
0.025396825,26.055155
0.025510204,26.054449
0.025623583,26.053740
0.025736961,26.053030
0.025850340,26.052317
0.025963719,26.051601
0.026077098,26.050886
0.026190476,26.050167
0.026303855,26.049446
0.026417234,26.048721
0.026530612,26.047997
0.026643991,26.047268
0.026757370,26.046535
0.026870748,26.045801
0.026984127,26.045065
0.027097506,26.044325
0.027210884,26.043583
0.027324263,26.042837
0.027437642,26.042089
0.027551020,26.041338
0.027664399,26.040586
0.027777778,26.039829
0.027891156,26.039072
0.028004535,26.038309
0.028117914,26.037546
0.028231293,26.036781
0.028344671,26.036013
0.028458050,26.035242
0.028571429,26.034470
0.028684807,26.033695
0.028798186,26.032919
0.028911565,26.032141
0.029024943,26.031361
0.029138322,26.030579
0.029251701,26.029793
0.029365079,26.029007
0.029478458,26.028219
0.029591837,26.027431
0.029705215,26.026640
0.029818594,26.025846
0.029931973,26.025051
0.030045351,26.024254
0.030158730,26.023457
0.030272109,26.022655
0.030385488,26.021852
0.030498866,26.021048
0.030612245,26.020243
0.030725624,26.019434
0.030839002,26.018623
0.030952381,26.017813
0.031065760,26.016998
0.031179138,26.016184
0.031292517,26.015366
0.031405896,26.014545
0.031519274,26.013725
0.031632653,26.012903
0.031746032,26.012079
0.031859410,26.011253
0.031972789,26.010427
0.032086168,26.009598
0.032199546,26.008768
0.032312925,26.007936
0.032426304,26.007105
0.032539683,26.006271
0.032653061,26.005438
0.032766440,26.004602
0.032879819,26.003765
0.032993197,26.002928
0.033106576,26.002090
0.033219955,26.001253
0.033333333,26.000414
0.033446712,25.999577
0.033560091,25.998737
0.033673469,25.997898
0.033786848,25.997059
0.033900227,25.996222
0.034013605,25.995382
0.034126984,25.994545
0.034240363,25.993708
0.034353741,25.992872
0.034467120,25.992035
0.034580499,25.991199
0.034693878,25.990366
0.034807256,25.989532
0.034920635,25.988699
0.035034014,25.987869
0.035147392,25.987040
0.035260771,25.986210
0.035374150,25.985382
0.035487528,25.984556
0.035600907,25.983732
0.035714286,25.982906
0.035827664,25.982084
0.035941043,25.981262
0.036054422,25.980444
0.036167800,25.979626
0.036281179,25.978809
0.036394558,25.977993
0.036507937,25.977180
0.036621315,25.976368
0.036734694,25.975555
0.036848073,25.974749
0.036961451,25.973942
0.037074830,25.973137
0.037188209,25.972334
0.037301587,25.971533
0.037414966,25.970734
0.037528345,25.969938
0.037641723,25.969145
0.037755102,25.968353
0.037868481,25.967564
0.037981859,25.966776
0.038095238,25.965994
0.038208617,25.965214
0.038321995,25.964436
0.038435374,25.963661
0.038548753,25.962889
0.038662132,25.962122
0.038775510,25.961357
0.038888889,25.960596
0.039002268,25.959841
0.039115646,25.959087
0.039229025,25.958338
0.039342404,25.957592
0.039455782,25.956852
0.039569161,25.956116
0.039682540,25.955383
0.039795918,25.954657
0.039909297,25.953932
0.040022676,25.953213
0.040136054,25.952499
0.040249433,25.951788
0.040362812,25.951084
0.040476190,25.950382
0.040589569,25.949686
0.040702948,25.948994
0.040816327,25.948305
0.040929705,25.947624
0.041043084,25.946943
0.041156463,25.946268
0.041269841,25.945599
0.041383220,25.944933
0.041496599,25.944271
0.041609977,25.943611
0.041723356,25.942955
0.041836735,25.942305
0.041950113,25.941656
0.042063492,25.941011
0.042176871,25.940371
0.042290249,25.939734
0.042403628,25.939096
0.042517007,25.938467
0.042630385,25.937836
0.042743764,25.937210
0.042857143,25.936586
0.042970522,25.935965
0.043083900,25.935347
0.043197279,25.934729
0.043310658,25.934116
0.043424036,25.933504
0.043537415,25.932896
0.043650794,25.932287
0.043764172,25.931683
0.043877551,25.931080
0.043990930,25.930479
0.044104308,25.929880
0.044217687,25.929283
0.044331066,25.928690
0.044444444,25.928097
0.044557823,25.927505
0.044671202,25.926918
0.044784580,25.926329
0.044897959,25.925745
0.045011338,25.925161
0.045124717,25.924580
0.045238095,25.924000
0.045351474,25.923422
0.045464853,25.922846
0.045578231,25.922270
0.045691610,25.921696
0.045804989,25.921124
0.045918367,25.920551
0.046031746,25.919981
0.046145125,25.919413
0.046258503,25.918844
0.046371882,25.918276
0.046485261,25.917711
0.046598639,25.917143
0.046712018,25.916578
0.046825397,25.916014
0.046938776,25.915449
0.047052154,25.914885
0.047165533,25.914320
0.047278912,25.913755
0.047392290,25.913189
0.047505669,25.912624
0.047619048,25.912058
0.047732426,25.911493
0.047845805,25.910927
0.047959184,25.910358
0.048072562,25.909790
0.048185941,25.909222
0.048299320,25.908651
0.048412698,25.908081
0.048526077,25.907511
0.048639456,25.906939
0.048752834,25.906364
0.048866213,25.905790
0.048979592,25.905216
0.049092971,25.904640
0.049206349,25.904062
0.049319728,25.903484
0.049433107,25.902906
0.049546485,25.902327
0.049659864,25.901745
0.049773243,25.901165
0.049886621,25.900585
0.050000000,25.900002
0.050113379,25.899420
0.050226757,25.898838
0.050340136,25.898254
0.050453515,25.897671
0.050566893,25.897085
0.050680272,25.896503
0.050793651,25.895918
0.050907029,25.895334
0.051020408,25.894751
0.051133787,25.894167
0.051247166,25.893583
0.051360544,25.893000
0.051473923,25.892416
0.051587302,25.891834
0.051700680,25.891253
0.051814059,25.890671
0.051927438,25.890089
0.052040816,25.889507
0.052154195,25.888929
0.052267574,25.888350
0.052380952,25.887772
0.052494331,25.887194
0.052607710,25.886616
0.052721088,25.886040
0.052834467,25.885464
0.052947846,25.884888
0.053061224,25.884315
0.053174603,25.883741
0.053287982,25.883169
0.053401361,25.882597
0.053514739,25.882029
0.053628118,25.881460
0.053741497,25.880894
0.053854875,25.880325
0.053968254,25.879763
0.054081633,25.879198
0.054195011,25.878639
0.054308390,25.878078
0.054421769,25.877522
0.054535147,25.876966
0.054648526,25.876413
0.054761905,25.875862
0.054875283,25.875315
0.054988662,25.874771
0.055102041,25.874228
0.055215420,25.873690
0.055328798,25.873152
0.055442177,25.872620
0.055555556,25.872089
0.055668934,25.871563
0.055782313,25.871042
0.055895692,25.870523
0.056009070,25.870008
0.056122449,25.869499
0.056235828,25.868994
0.056349206,25.868492
0.056462585,25.867992
0.056575964,25.867500
0.056689342,25.867010
0.056802721,25.866528
0.056916100,25.866047
0.057029478,25.865574
0.057142857,25.865105
0.057256236,25.864639
0.057369615,25.864180
0.057482993,25.863724
0.057596372,25.863276
0.057709751,25.862831
0.057823129,25.862391
0.057936508,25.861956
0.058049887,25.861525
0.058163265,25.861101
0.058276644,25.860680
0.058390023,25.860264
0.058503401,25.859854
0.058616780,25.859447
0.058730159,25.859045
0.058843537,25.858650
0.058956916,25.858257
0.059070295,25.857868
0.059183673,25.857487
0.059297052,25.857109
0.059410431,25.856735
0.059523810,25.856365
0.059637188,25.856001
0.059750567,25.855640
0.059863946,25.855284
0.059977324,25.854935
0.060090703,25.854586
0.060204082,25.854242
0.060317460,25.853907
0.060430839,25.853571
0.060544218,25.853243
0.060657596,25.852919
0.060770975,25.852598
0.060884354,25.852282
0.060997732,25.851971
0.061111111,25.851665
0.061224490,25.851364
0.061337868,25.851065
0.061451247,25.850771
0.061564626,25.850481
0.061678005,25.850197
0.061791383,25.849918
0.061904762,25.849642
0.062018141,25.849371
0.062131519,25.849104
0.062244898,25.848841
0.062358277,25.848581
0.062471655,25.848326
0.062585034,25.848074
0.062698413,25.847826
0.062811791,25.847582
0.062925170,25.847342
0.063038549,25.847105
0.063151927,25.846870
0.063265306,25.846640
0.063378685,25.846413
0.063492063,25.846186
0.063605442,25.845966
0.063718821,25.845745
0.063832200,25.845528
0.063945578,25.845312
0.064058957,25.845100
0.064172336,25.844887
0.064285714,25.844677
0.064399093,25.844471
0.064512472,25.844263
0.064625850,25.844059
0.064739229,25.843855
0.064852608,25.843653
0.064965986,25.843451
0.065079365,25.843250
0.065192744,25.843050
0.065306122,25.842850
0.065419501,25.842653
0.065532880,25.842455
0.065646259,25.842257
0.065759637,25.842060
0.065873016,25.841864
0.065986395,25.841667
0.066099773,25.841469
0.066213152,25.841272
0.066326531,25.841076
0.066439909,25.840879
0.066553288,25.840683
0.066666667,25.840485
0.066780045,25.840288
0.066893424,25.840090
0.067006803,25.839893
0.067120181,25.839693
0.067233560,25.839493
0.067346939,25.839294
0.067460317,25.839094
0.067573696,25.838892
0.067687075,25.838692
0.067800454,25.838488
0.067913832,25.838284
0.068027211,25.838078
0.068140590,25.837873
0.068253968,25.837666
0.068367347,25.837456
0.068480726,25.837246
0.068594104,25.837034
0.068707483,25.836821
0.068820862,25.836603
0.068934240,25.836386
0.069047619,25.836164
0.069160998,25.835941
0.069274376,25.835718
0.069387755,25.835489
0.069501134,25.835258
0.069614512,25.835026
0.069727891,25.834789
0.069841270,25.834549
0.069954649,25.834309
0.070068027,25.834061
0.070181406,25.833811
0.070294785,25.833559
0.070408163,25.833302
0.070521542,25.833040
0.070634921,25.832777
0.070748299,25.832508
0.070861678,25.832237
0.070975057,25.831961
0.071088435,25.831682
0.071201814,25.831400
0.071315193,25.831114
0.071428571,25.830822
0.071541950,25.830528
0.071655329,25.830231
0.071768707,25.829927
0.071882086,25.829624
0.071995465,25.829315
0.072108844,25.829002
0.072222222,25.828688
0.072335601,25.828369
0.072448980,25.828047
0.072562358,25.827723
0.072675737,25.827396
0.072789116,25.827065
0.072902494,25.826733
0.073015873,25.826399
0.073129252,25.826061
0.073242630,25.825724
0.073356009,25.825384
0.073469388,25.825041
0.073582766,25.824697
0.073696145,25.824352
0.073809524,25.824007
0.073922902,25.823658
0.074036281,25.823311
0.074149660,25.822962
0.074263039,25.822611
0.074376417,25.822262
0.074489796,25.821911
0.074603175,25.821560
0.074716553,25.821209
0.074829932,25.820856
0.074943311,25.820505
0.075056689,25.820154
0.075170068,25.819799
0.075283447,25.819448
0.075396825,25.819098
0.075510204,25.818747
0.075623583,25.818396
0.075736961,25.818045
0.075850340,25.817694
0.075963719,25.817345
0.076077098,25.816996
0.076190476,25.816648
0.076303855,25.816299
0.076417234,25.815954
0.076530612,25.815609
0.076643991,25.815264
0.076757370,25.814922
0.076870748,25.814581
0.076984127,25.814240
0.077097506,25.813902
0.077210884,25.813566
0.077324263,25.813234
0.077437642,25.812902
0.077551020,25.812574
0.077664399,25.812248
0.077777778,25.811926
0.077891156,25.811607
0.078004535,25.811291
0.078117914,25.810980
0.078231293,25.810671
0.078344671,25.810368
0.078458050,25.810068
0.078571429,25.809771
0.078684807,25.809481
0.078798186,25.809195
0.078911565,25.808912
0.079024943,25.808638
0.079138322,25.808367
0.079251701,25.808100
0.079365079,25.807840
0.079478458,25.807585
0.079591837,25.807335
0.079705215,25.807089
0.079818594,25.806850
0.079931973,25.806618
0.080045351,25.806389
0.080158730,25.806170
0.080272109,25.805952
0.080385488,25.805740
0.080498866,25.805534
0.080612245,25.805336
0.080725624,25.805141
0.080839002,25.804953
0.080952381,25.804771
0.081065760,25.804594
0.081179138,25.804422
0.081292517,25.804256
0.081405896,25.804096
0.081519274,25.803942
0.081632653,25.803795
0.081746032,25.803650
0.081859410,25.803513
0.081972789,25.803383
0.082086168,25.803257
0.082199546,25.803135
0.082312925,25.803022
0.082426304,25.802912
0.082539683,25.802811
0.082653061,25.802713
0.082766440,25.802620
0.082879819,25.802536
0.082993197,25.802456
0.083106576,25.802383
0.083219955,25.802317
0.083333333,25.802256
0.083446712,25.802200
0.083560091,25.802151
0.083673469,25.802109
0.083786848,25.802071
0.083900227,25.802040
0.084013605,25.802015
0.084126984,25.801996
0.084240363,25.801985
0.084353741,25.801977
0.084467120,25.801975
0.084580499,25.801981
0.084693878,25.801992
0.084807256,25.802008
0.084920635,25.802031
0.085034014,25.802057
0.085147392,25.802090
0.085260771,25.802126
0.085374150,25.802168
0.085487528,25.802216
0.085600907,25.802267
0.085714286,25.802324
0.085827664,25.802383
0.085941043,25.802448
0.086054422,25.802515
0.086167800,25.802588
0.086281179,25.802662
0.086394558,25.802740
0.086507937,25.802820
0.086621315,25.802904
0.086734694,25.802990
0.086848073,25.803076
0.086961451,25.803167
0.087074830,25.803259
0.087188209,25.803352
0.087301587,25.803448
0.087414966,25.803543
0.087528345,25.803640
0.087641723,25.803738
0.087755102,25.803837
0.087868481,25.803938
0.087981859,25.804035
0.088095238,25.804136
0.088208617,25.804237
0.088321995,25.804340
0.088435374,25.804441
0.088548753,25.804543
0.088662132,25.804646
0.088775510,25.804749
0.088888889,25.804850
0.089002268,25.804953
0.089115646,25.805056
0.089229025,25.805159
0.089342404,25.805260
0.089455782,25.805363
0.089569161,25.805464
0.089682540,25.805567
0.089795918,25.805666
0.089909297,25.805767
0.090022676,25.805866
0.090136054,25.805965
0.090249433,25.806065
0.090362812,25.806162
0.090476190,25.806259
0.090589569,25.806353
0.090702948,25.806448
0.090816327,25.806540
0.090929705,25.806631
0.091043084,25.806721
0.091156463,25.806808
0.091269841,25.806892
0.091383220,25.806978
0.091496599,25.807058
0.091609977,25.807138
0.091723356,25.807217
0.091836735,25.807291
0.091950113,25.807364
0.092063492,25.807434
0.092176871,25.807499
0.092290249,25.807564
0.092403628,25.807627
0.092517007,25.807684
0.092630385,25.807741
0.092743764,25.807795
0.092857143,25.807844
0.092970522,25.807892
0.093083900,25.807936
0.093197279,25.807978
0.093310658,25.808016
0.093424036,25.808054
0.093537415,25.808088
0.093650794,25.808119
0.093764172,25.808149
0.093877551,25.808176
0.093990930,25.808201
0.094104308,25.808226
0.094217687,25.808247
0.094331066,25.808266
0.094444444,25.808285
0.094557823,25.808302
0.094671202,25.808317
0.094784580,25.808332
0.094897959,25.808348
0.095011338,25.808361
0.095124717,25.808376
0.095238095,25.808388
0.095351474,25.808401
0.095464853,25.808414
0.095578231,25.808426
0.095691610,25.808441
0.095804989,25.808455
0.095918367,25.808472
0.096031746,25.808487
0.096145125,25.808502
0.096258503,25.808521
0.096371882,25.808540
0.096485261,25.808559
0.096598639,25.808580
0.096712018,25.808603
0.096825397,25.808626
0.096938776,25.808653
0.097052154,25.808680
0.097165533,25.808708
0.097278912,25.808737
0.097392290,25.808769
0.097505669,25.808804
0.097619048,25.808838
0.097732426,25.808876
0.097845805,25.808916
0.097959184,25.808956
0.098072562,25.809000
0.098185941,25.809048
0.098299320,25.809095
0.098412698,25.809147
0.098526077,25.809200
0.098639456,25.809258
0.098752834,25.809315
0.098866213,25.809378
0.098979592,25.809443
0.099092971,25.809511
0.099206349,25.809582
0.099319728,25.809658
0.099433107,25.809736
0.099546485,25.809818
0.099659864,25.809906
0.099773243,25.809996
0.099886621,25.810089
0.100000000,25.810188
0.100113379,25.810291
0.100226757,25.810398
0.100340136,25.810511
0.100453515,25.810627
0.100566893,25.810749
0.100680272,25.810875
0.100793651,25.811008
0.100907029,25.811144
0.101020408,25.811287
0.101133787,25.811434
0.101247166,25.811588
0.101360544,25.811747
0.101473923,25.811911
0.101587302,25.812080
0.101700680,25.812256
0.101814059,25.812437
0.101927438,25.812624
0.102040816,25.812817
0.102154195,25.813015
0.102267574,25.813219
0.102380952,25.813429
0.102494331,25.813644
0.102607710,25.813864
0.102721088,25.814089
0.102834467,25.814323
0.102947846,25.814560
0.103061224,25.814802
0.103174603,25.815048
0.103287982,25.815304
0.103401361,25.815561
0.103514739,25.815825
0.103628118,25.816093
0.103741497,25.816368
0.103854875,25.816648
0.103968254,25.816933
0.104081633,25.817223
0.104195011,25.817516
0.104308390,25.817818
0.104421769,25.818121
0.104535147,25.818432
0.104648526,25.818748
0.104761905,25.819069
0.104875283,25.819395
0.104988662,25.819725
0.105102041,25.820063
0.105215420,25.820404
0.105328798,25.820751
0.105442177,25.821104
0.105555556,25.821461
0.105668934,25.821825
0.105782313,25.822193
0.105895692,25.822567
0.106009070,25.822945
0.106122449,25.823330
0.106235828,25.823721
0.106349206,25.824116
0.106462585,25.824516
0.106575964,25.824923
0.106689342,25.825333
0.106802721,25.825747
0.106916100,25.826168
0.107029478,25.826593
0.107142857,25.827023
0.107256236,25.827457
0.107369615,25.827896
0.107482993,25.828339
0.107596372,25.828787
0.107709751,25.829237
0.107823129,25.829691
0.107936508,25.830147
0.108049887,25.830608
0.108163265,25.831070
0.108276644,25.831537
0.108390023,25.832005
0.108503401,25.832478
0.108616780,25.832951
0.108730159,25.833424
0.108843537,25.833900
0.108956916,25.834379
0.109070295,25.834860
0.109183673,25.835339
0.109297052,25.835819
0.109410431,25.836300
0.109523810,25.836782
0.109637188,25.837265
0.109750567,25.837748
0.109863946,25.838230
0.109977324,25.838713
0.110090703,25.839195
0.110204082,25.839676
0.110317460,25.840158
0.110430839,25.840639
0.110544218,25.841120
0.110657596,25.841599
0.110770975,25.842077
0.110884354,25.842554
0.110997732,25.843031
0.111111111,25.843506
0.111224490,25.843981
0.111337868,25.844456
0.111451247,25.844927
0.111564626,25.845398
0.111678005,25.845867
0.111791383,25.846336
0.111904762,25.846804
0.112018141,25.847269
0.112131519,25.847733
0.112244898,25.848196
0.112358277,25.848656
0.112471655,25.849113
0.112585034,25.849571
0.112698413,25.850025
0.112811791,25.850477
0.112925170,25.850929
0.113038549,25.851376
0.113151927,25.851820
0.113265306,25.852264
0.113378685,25.852705
0.113492063,25.853140
0.113605442,25.853575
0.113718821,25.854006
0.113832200,25.854435
0.113945578,25.854860
0.114058957,25.855282
0.114172336,25.855701
0.114285714,25.856113
0.114399093,25.856525
0.114512472,25.856934
0.114625850,25.857338
0.114739229,25.857740
0.114852608,25.858135
0.114965986,25.858530
0.115079365,25.858919
0.115192744,25.859304
0.115306122,25.859688
0.115419501,25.860065
0.115532880,25.860439
0.115646259,25.860811
0.115759637,25.861177
0.115873016,25.861542
0.115986395,25.861902
0.116099773,25.862259
0.116213152,25.862614
0.116326531,25.862967
0.116439909,25.863314
0.116553288,25.863661
0.116666667,25.864004
0.116780045,25.864344
0.116893424,25.864683
0.117006803,25.865019
0.117120181,25.865355
0.117233560,25.865686
0.117346939,25.866020
0.117460317,25.866348
0.117573696,25.866676
0.117687075,25.867004
0.117800454,25.867329
0.117913832,25.867653
0.118027211,25.867977
0.118140590,25.868299
0.118253968,25.868624
0.118367347,25.868946
0.118480726,25.869265
0.118594104,25.869587
0.118707483,25.869907
0.118820862,25.870228
0.118934240,25.870548
0.119047619,25.870867
0.119160998,25.871185
0.119274376,25.871506
0.119387755,25.871826
0.119501134,25.872145
0.119614512,25.872465
0.119727891,25.872786
0.119841270,25.873104
0.119954649,25.873425
0.120068027,25.873745
0.120181406,25.874065
0.120294785,25.874388
0.120408163,25.874710
0.120521542,25.875032
0.120634921,25.875355
0.120748299,25.875681
0.120861678,25.876005
0.120975057,25.876331
0.121088435,25.876659
0.121201814,25.876987
0.121315193,25.877317
0.121428571,25.877649
0.121541950,25.877983
0.121655329,25.878319
0.121768707,25.878656
0.121882086,25.878996
0.121995465,25.879337
0.122108844,25.879683
0.122222222,25.880030
0.122335601,25.880381
0.122448980,25.880732
0.122562358,25.881088
0.122675737,25.881449
0.122789116,25.881811
0.122902494,25.882177
0.123015873,25.882549
0.123129252,25.882921
0.123242630,25.883297
0.123356009,25.883678
0.123469388,25.884064
0.123582766,25.884453
0.123696145,25.884848
0.123809524,25.885244
0.123922902,25.885645
0.124036281,25.886051
0.124149660,25.886459
0.124263039,25.886873
0.124376417,25.887291
0.124489796,25.887712
0.124603175,25.888138
0.124716553,25.888569
0.124829932,25.889002
0.124943311,25.889439
0.125056689,25.889879
0.125170068,25.890322
0.125283447,25.890770
0.125396825,25.891222
0.125510204,25.891674
0.125623583,25.892132
0.125736961,25.892591
0.125850340,25.893055
0.125963719,25.893518
0.126077098,25.893988
0.126190476,25.894459
0.126303855,25.894932
0.126417234,25.895407
0.126530612,25.895885
0.126643991,25.896366
0.126757370,25.896849
0.126870748,25.897333
0.126984127,25.897821
0.127097506,25.898310
0.127210884,25.898804
0.127324263,25.899296
0.127437642,25.899794
0.127551020,25.900291
0.127664399,25.900791
0.127777778,25.901295
0.127891156,25.901798
0.128004535,25.902306
0.128117914,25.902815
0.128231293,25.903324
0.128344671,25.903837
0.128458050,25.904352
0.128571429,25.904865
0.128684807,25.905384
0.128798186,25.905903
0.128911565,25.906422
0.129024943,25.906946
0.129138322,25.907469
0.129251701,25.907991
0.129365079,25.908518
0.129478458,25.909042
0.129591837,25.909571
0.129705215,25.910097
0.129818594,25.910625
0.129931973,25.911154
0.130045351,25.911682
0.130158730,25.912210
0.130272109,25.912739
0.130385488,25.913267
0.130498866,25.913794
0.130612245,25.914320
0.130725624,25.914845
0.130839002,25.915369
0.130952381,25.915892
0.131065760,25.916412
0.131179138,25.916931
0.131292517,25.917450
0.131405896,25.917965
0.131519274,25.918480
0.131632653,25.918989
0.131746032,25.919498
0.131859410,25.920004
0.131972789,25.920507
0.132086168,25.921007
0.132199546,25.921507
0.132312925,25.922001
0.132426304,25.922493
0.132539683,25.922983
0.132653061,25.923470
0.132766440,25.923952
0.132879819,25.924433
0.132993197,25.924910
0.133106576,25.925383
0.133219955,25.925854
0.133333333,25.926323
0.133446712,25.926786
0.133560091,25.927248
0.133673469,25.927708
0.133786848,25.928164
0.133900227,25.928617
0.134013605,25.929068
0.134126984,25.929516
0.134240363,25.929960
0.134353741,25.930403
0.134467120,25.930840
0.134580499,25.931276
0.134693878,25.931711
0.134807256,25.932142
0.134920635,25.932571
0.135034014,25.932997
0.135147392,25.933420
0.135260771,25.933840
0.135374150,25.934259
0.135487528,25.934675
0.135600907,25.935085
0.135714286,25.935495
0.135827664,25.935902
0.135941043,25.936308
0.136054422,25.936708
0.136167800,25.937105
0.136281179,25.937500
0.136394558,25.937891
0.136507937,25.938280
0.136621315,25.938667
0.136734694,25.939051
0.136848073,25.939430
0.136961451,25.939808
0.137074830,25.940182
0.137188209,25.940554
0.137301587,25.940924
0.137414966,25.941292
0.137528345,25.941656
0.137641723,25.942017
0.137755102,25.942377
0.137868481,25.942736
0.137981859,25.943090
0.138095238,25.943445
0.138208617,25.943798
0.138321995,25.944151
0.138435374,25.944500
0.138548753,25.944849
0.138662132,25.945198
0.138775510,25.945545
0.138888889,25.945894
0.139002268,25.946241
0.139115646,25.946590
0.139229025,25.946938
0.139342404,25.947287
0.139455782,25.947636
0.139569161,25.947987
0.139682540,25.948338
0.139795918,25.948689
0.139909297,25.949045
0.140022676,25.949400
0.140136054,25.949757
0.140249433,25.950117
0.140362812,25.950478
0.140476190,25.950842
0.140589569,25.951206
0.140702948,25.951574
0.140816327,25.951946
0.140929705,25.952318
0.141043084,25.952694
0.141156463,25.953074
0.141269841,25.953455
0.141383220,25.953838
0.141496599,25.954226
0.141609977,25.954615
0.141723356,25.955009
0.141836735,25.955404
0.141950113,25.955805
0.142063492,25.956207
0.142176871,25.956614
0.142290249,25.957022
0.142403628,25.957436
0.142517007,25.957850
0.142630385,25.958269
0.142743764,25.958693
0.142857143,25.959120
0.142970522,25.959551
0.143083900,25.959984
0.143197279,25.960421
0.143310658,25.960863
0.143424036,25.961308
0.143537415,25.961758
0.143650794,25.962212
0.143764172,25.962669
0.143877551,25.963131
0.143990930,25.963598
0.144104308,25.964069
0.144217687,25.964544
0.144331066,25.965025
0.144444444,25.965511
0.144557823,25.966003
0.144671202,25.966499
0.144784580,25.966999
0.144897959,25.967506
0.145011338,25.968019
0.145124717,25.968534
0.145238095,25.969057
0.145351474,25.969585
0.145464853,25.970121
0.145578231,25.970659
0.145691610,25.971207
0.145804989,25.971758
0.145918367,25.972315
0.146031746,25.972878
0.146145125,25.973444
0.146258503,25.974018
0.146371882,25.974596
0.146485261,25.975182
0.146598639,25.975771
0.146712018,25.976368
0.146825397,25.976967
0.146938776,25.977571
0.147052154,25.978182
0.147165533,25.978796
0.147278912,25.979414
0.147392290,25.980038
0.147505669,25.980665
0.147619048,25.981297
0.147732426,25.981934
0.147845805,25.982573
0.147959184,25.983215
0.148072562,25.983864
0.148185941,25.984514
0.148299320,25.985168
0.148412698,25.985825
0.148526077,25.986486
0.148639456,25.987148
0.148752834,25.987814
0.148866213,25.988483
0.148979592,25.989155
0.149092971,25.989830
0.149206349,25.990509
0.149319728,25.991190
0.149433107,25.991871
0.149546485,25.992556
0.149659864,25.993242
0.149773243,25.993933
0.149886621,25.994623
0.150000000,25.995319
0.150113379,25.996016
0.150226757,25.996714
0.150340136,25.997414
0.150453515,25.998117
0.150566893,25.998821
0.150680272,25.999527
0.150793651,26.000235
0.150907029,26.000944
0.151020408,26.001654
0.151133787,26.002367
0.151247166,26.003080
0.151360544,26.003796
0.151473923,26.004511
0.151587302,26.005228
0.151700680,26.005947
0.151814059,26.006664
0.151927438,26.007383
0.152040816,26.008102
0.152154195,26.008821
0.152267574,26.009539
0.152380952,26.010258
0.152494331,26.010977
0.152607710,26.011696
0.152721088,26.012413
0.152834467,26.013128
0.152947846,26.013845
0.153061224,26.014559
0.153174603,26.015274
0.153287982,26.015987
0.153401361,26.016697
0.153514739,26.017408
0.153628118,26.018116
0.153741497,26.018824
0.153854875,26.019529
0.153968254,26.020233
0.154081633,26.020935
0.154195011,26.021635
0.154308390,26.022331
0.154421769,26.023027
0.154535147,26.023722
0.154648526,26.024416
0.154761905,26.025105
0.154875283,26.025793
0.154988662,26.026480
0.155102041,26.027163
0.155215420,26.027847
0.155328798,26.028526
0.155442177,26.029205
0.155555556,26.029882
0.155668934,26.030558
0.155782313,26.031231
0.155895692,26.031902
0.156009070,26.032572
0.156122449,26.033239
0.156235828,26.033905
0.156349206,26.034569
0.156462585,26.035233
0.156575964,26.035892
0.156689342,26.036554
0.156802721,26.037210
0.156916100,26.037867
0.157029478,26.038523
0.157142857,26.039173
0.157256236,26.039825
0.157369615,26.040476
0.157482993,26.041124
0.157596372,26.041771
0.157709751,26.042416
0.157823129,26.043058
0.157936508,26.043701
0.158049887,26.044340
0.158163265,26.044979
0.158276644,26.045616
0.158390023,26.046251
0.158503401,26.046885
0.158616780,26.047518
0.158730159,26.048147
0.158843537,26.048777
0.158956916,26.049404
0.159070295,26.050030
0.159183673,26.050655
0.159297052,26.051277
0.159410431,26.051899
0.159523810,26.052519
0.159637188,26.053137
0.159750567,26.053755
0.159863946,26.054373
0.159977324,26.054987
0.160090703,26.055603
0.160204082,26.056217
0.160317460,26.056828
0.160430839,26.057442
0.160544218,26.058052
0.160657596,26.058664
0.160770975,26.059273
0.160884354,26.059883
0.160997732,26.060493
0.161111111,26.061102
0.161224490,26.061712
0.161337868,26.062321
0.161451247,26.062933
0.161564626,26.063543
0.161678005,26.064154
0.161791383,26.064766
0.161904762,26.065376
0.162018141,26.065989
0.162131519,26.066603
0.162244898,26.067217
0.162358277,26.067835
0.162471655,26.068451
0.162585034,26.069069
0.162698413,26.069687
0.162811791,26.070309
0.162925170,26.070930
0.163038549,26.071554
0.163151927,26.072180
0.163265306,26.072805
0.163378685,26.073435
0.163492063,26.074066
0.163605442,26.074697
0.163718821,26.075331
0.163832200,26.075966
0.163945578,26.076601
0.164058957,26.077240
0.164172336,26.077881
0.164285714,26.078522
0.164399093,26.079165
0.164512472,26.079809
0.164625850,26.080456
0.164739229,26.081104
0.164852608,26.081755
0.164965986,26.082407
0.165079365,26.083061
0.165192744,26.083717
0.165306122,26.084375
0.165419501,26.085035
0.165532880,26.085697
0.165646259,26.086359
0.165759637,26.087027
0.165873016,26.087696
0.165986395,26.088366
0.166099773,26.089039
0.166213152,26.089714
0.166326531,26.090391
0.166439909,26.091072
0.166553288,26.091753
0.166666667,26.092440
0.166780045,26.093128
0.166893424,26.093819
0.167006803,26.094513
0.167120181,26.095209
0.167233560,26.095909
0.167346939,26.096611
0.167460317,26.097317
0.167573696,26.098024
0.167687075,26.098734
0.167800454,26.099449
0.167913832,26.100164
0.168027211,26.100883
0.168140590,26.101604
0.168253968,26.102327
0.168367347,26.103052
0.168480726,26.103783
0.168594104,26.104513
0.168707483,26.105246
0.168820862,26.105978
0.168934240,26.106716
0.169047619,26.107452
0.169160998,26.108192
0.169274376,26.108932
0.169387755,26.109673
0.169501134,26.110416
0.169614512,26.111160
0.169727891,26.111904
0.169841270,26.112648
0.169954649,26.113390
0.170068027,26.114136
0.170181406,26.114880
0.170294785,26.115623
0.170408163,26.116367
0.170521542,26.117111
0.170634921,26.117853
0.170748299,26.118597
0.170861678,26.119337
0.170975057,26.120077
0.171088435,26.120815
0.171201814,26.121552
0.171315193,26.122290
0.171428571,26.123024
0.171541950,26.123755
0.171655329,26.124487
0.171768707,26.125217
0.171882086,26.125944
0.171995465,26.126671
0.172108844,26.127394
0.172222222,26.128117
0.172335601,26.128836
0.172448980,26.129553
0.172562358,26.130266
0.172675737,26.130978
0.172789116,26.131689
0.172902494,26.132395
0.173015873,26.133099
0.173129252,26.133801
0.173242630,26.134499
0.173356009,26.135193
0.173469388,26.135883
0.173582766,26.136572
0.173696145,26.137257
0.173809524,26.137936
0.173922902,26.138613
0.174036281,26.139284
0.174149660,26.139954
0.174263039,26.140617
0.174376417,26.141275
0.174489796,26.141930
0.174603175,26.142580
0.174716553,26.143223
0.174829932,26.143860
0.174943311,26.144493
0.175056689,26.145119
0.175170068,26.145741
0.175283447,26.146353
0.175396825,26.146961
0.175510204,26.147562
0.175623583,26.148155
0.175736961,26.148743
0.175850340,26.149323
0.175963719,26.149897
0.176077098,26.150461
0.176190476,26.151018
0.176303855,26.151569
0.176417234,26.152111
0.176530612,26.152647
0.176643991,26.153173
0.176757370,26.153692
0.176870748,26.154205
0.176984127,26.154709
0.177097506,26.155205
0.177210884,26.155693
0.177324263,26.156174
0.177437642,26.156647
0.177551020,26.157112
0.177664399,26.157570
0.177777778,26.158018
0.177891156,26.158463
0.178004535,26.158897
0.178117914,26.159325
0.178231293,26.159742
0.178344671,26.160156
0.178458050,26.160563
0.178571429,26.160959
0.178684807,26.161350
0.178798186,26.161736
0.178911565,26.162113
0.179024943,26.162483
0.179138322,26.162848
0.179251701,26.163206
0.179365079,26.163555
0.179478458,26.163900
0.179591837,26.164238
0.179705215,26.164570
0.179818594,26.164894
0.179931973,26.165215
0.180045351,26.165527
0.180158730,26.165834
0.180272109,26.166138
0.180385488,26.166431
0.180498866,26.166721
0.180612245,26.167006
0.180725624,26.167282
0.180839002,26.167555
0.180952381,26.167820
0.181065760,26.168083
0.181179138,26.168339
0.181292517,26.168589
0.181405896,26.168835
0.181519274,26.169075
0.181632653,26.169312
0.181746032,26.169542
0.181859410,26.169767
0.181972789,26.169991
0.182086168,26.170208
0.182199546,26.170422
0.182312925,26.170630
0.182426304,26.170837
0.182539683,26.171038
0.182653061,26.171236
0.182766440,26.171432
0.182879819,26.171625
0.182993197,26.171814
0.183106576,26.172001
0.183219955,26.172186
0.183333333,26.172369
0.183446712,26.172550
0.183560091,26.172729
0.183673469,26.172907
0.183786848,26.173084
0.183900227,26.173260
0.184013605,26.173433
0.184126984,26.173609
0.184240363,26.173784
0.184353741,26.173960
0.184467120,26.174133
0.184580499,26.174309
0.184693878,26.174484
0.184807256,26.174660
0.184920635,26.174839
0.185034014,26.175018
0.185147392,26.175198
0.185260771,26.175379
0.185374150,26.175562
0.185487528,26.175747
0.185600907,26.175932
0.185714286,26.176121
0.185827664,26.176313
0.185941043,26.176504
0.186054422,26.176699
0.186167800,26.176895
0.186281179,26.177095
0.186394558,26.177296
0.186507937,26.177502
0.186621315,26.177706
0.186734694,26.177917
0.186848073,26.178129
0.186961451,26.178343
0.187074830,26.178560
0.187188209,26.178782
0.187301587,26.179003
0.187414966,26.179230
0.187528345,26.179461
0.187641723,26.179693
0.187755102,26.179930
0.187868481,26.180170
0.187981859,26.180414
0.188095238,26.180660
0.188208617,26.180912
0.188321995,26.181168
0.188435374,26.181425
0.188548753,26.181688
0.188662132,26.181957
0.188775510,26.182228
0.188888889,26.182503
0.189002268,26.182785
0.189115646,26.183069
0.189229025,26.183357
0.189342404,26.183653
0.189455782,26.183949
0.189569161,26.184254
0.189682540,26.184561
0.189795918,26.184874
0.189909297,26.185188
0.190022676,26.185511
0.190136054,26.185837
0.190249433,26.186171
0.190362812,26.186506
0.190476190,26.186846
0.190589569,26.187193
0.190702948,26.187542
0.190816327,26.187899
0.190929705,26.188259
0.191043084,26.188622
0.191156463,26.188990
0.191269841,26.189363
0.191383220,26.189739
0.191496599,26.190121
0.191609977,26.190504
0.191723356,26.190893
0.191836735,26.191282
0.191950113,26.191679
0.192063492,26.192076
0.192176871,26.192478
0.192290249,26.192883
0.192403628,26.193289
0.192517007,26.193699
0.192630385,26.194113
0.192743764,26.194527
0.192857143,26.194944
0.192970522,26.195364
0.193083900,26.195787
0.193197279,26.196211
0.193310658,26.196638
0.193424036,26.197067
0.193537415,26.197498
0.193650794,26.197931
0.193764172,26.198368
0.193877551,26.198807
0.193990930,26.199245
0.194104308,26.199686
0.194217687,26.200132
0.194331066,26.200577
0.194444444,26.201023
0.194557823,26.201475
0.194671202,26.201925
0.194784580,26.202379
0.194897959,26.202835
0.195011338,26.203293
0.195124717,26.203751
0.195238095,26.204212
0.195351474,26.204674
0.195464853,26.205139
0.195578231,26.205605
0.195691610,26.206074
0.195804989,26.206541
0.195918367,26.207014
0.196031746,26.207485
0.196145125,26.207958
0.196258503,26.208433
0.196371882,26.208910
0.196485261,26.209387
0.196598639,26.209864
0.196712018,26.210342
0.196825397,26.210819
0.196938776,26.211298
0.197052154,26.211779
0.197165533,26.212257
0.197278912,26.212736
0.197392290,26.213213
0.197505669,26.213692
0.197619048,26.214169
0.197732426,26.214647
0.197845805,26.215122
0.197959184,26.215595
0.198072562,26.216068
0.198185941,26.216541
0.198299320,26.217012
0.198412698,26.217482
0.198526077,26.217951
0.198639456,26.218416
0.198752834,26.218882
0.198866213,26.219345
0.198979592,26.219807
0.199092971,26.220266
0.199206349,26.220724
0.199319728,26.221182
0.199433107,26.221638
0.199546485,26.222090
0.199659864,26.222542
0.199773243,26.222994
0.199886621,26.223442
0.200000000,26.223890
0.200113379,26.224337
0.200226757,26.224781
0.200340136,26.225225
0.200453515,26.225666
0.200566893,26.226109
0.200680272,26.226547
0.200793651,26.226988
0.200907029,26.227427
0.201020408,26.227863
0.201133787,26.228298
0.201247166,26.228735
0.201360544,26.229170
0.201473923,26.229603
0.201587302,26.230036
0.201700680,26.230469
0.201814059,26.230900
0.201927438,26.231331
0.202040816,26.231762
0.202154195,26.232191
0.202267574,26.232620
0.202380952,26.233047
0.202494331,26.233477
0.202607710,26.233904
0.202721088,26.234329
0.202834467,26.234756
0.202947846,26.235180
0.203061224,26.235607
0.203174603,26.236031
0.203287982,26.236454
0.203401361,26.236879
0.203514739,26.237301
0.203628118,26.237724
0.203741497,26.238148
0.203854875,26.238569
0.203968254,26.238995
0.204081633,26.239416
0.204195011,26.239838
0.204308390,26.240263
0.204421769,26.240685
0.204535147,26.241108
0.204648526,26.241535
0.204761905,26.241959
0.204875283,26.242384
0.204988662,26.242811
0.205102041,26.243240
0.205215420,26.243671
0.205328798,26.244102
0.205442177,26.244534
0.205555556,26.244968
0.205668934,26.245403
0.205782313,26.245842
0.205895692,26.246283
0.206009070,26.246725
0.206122449,26.247171
0.206235828,26.247618
0.206349206,26.248068
0.206462585,26.248522
0.206575964,26.248978
0.206689342,26.249437
0.206802721,26.249901
0.206916100,26.250366
0.207029478,26.250837
0.207142857,26.251312
0.207256236,26.251789
0.207369615,26.252270
0.207482993,26.252756
0.207596372,26.253244
0.207709751,26.253736
0.207823129,26.254234
0.207936508,26.254734
0.208049887,26.255239
0.208163265,26.255749
0.208276644,26.256264
0.208390023,26.256781
0.208503401,26.257301
0.208616780,26.257828
0.208730159,26.258358
0.208843537,26.258894
0.208956916,26.259432
0.209070295,26.259975
0.209183673,26.260521
0.209297052,26.261072
0.209410431,26.261629
0.209523810,26.262190
0.209637188,26.262753
0.209750567,26.263321
0.209863946,26.263895
0.209977324,26.264471
0.210090703,26.265053
0.210204082,26.265640
0.210317460,26.266232
0.210430839,26.266827
0.210544218,26.267426
0.210657596,26.268032
0.210770975,26.268642
0.210884354,26.269255
0.210997732,26.269873
0.211111111,26.270496
0.211224490,26.271124
0.211337868,26.271757
0.211451247,26.272394
0.211564626,26.273035
0.211678005,26.273682
0.211791383,26.274332
0.211904762,26.274988
0.212018141,26.275648
0.212131519,26.276312
0.212244898,26.276979
0.212358277,26.277653
0.212471655,26.278328
0.212585034,26.279007
0.212698413,26.279694
0.212811791,26.280380
0.212925170,26.281071
0.213038549,26.281767
0.213151927,26.282465
0.213265306,26.283167
0.213378685,26.283873
0.213492063,26.284578
0.213605442,26.285290
0.213718821,26.286003
0.213832200,26.286718
0.213945578,26.287436
0.214058957,26.288157
0.214172336,26.288877
0.214285714,26.289602
0.214399093,26.290329
0.214512472,26.291054
0.214625850,26.291782
0.214739229,26.292513
0.214852608,26.293242
0.214965986,26.293972
0.215079365,26.294703
0.215192744,26.295435
0.215306122,26.296165
0.215419501,26.296900
0.215532880,26.297630
0.215646259,26.298363
0.215759637,26.299093
0.215873016,26.299826
0.215986395,26.300554
0.216099773,26.301285
0.216213152,26.302013
0.216326531,26.302742
0.216439909,26.303471
0.216553288,26.304195
0.216666667,26.304922
0.216780045,26.305645
0.216893424,26.306370
0.217006803,26.307091
0.217120181,26.307810
0.217233560,26.308529
0.217346939,26.309246
0.217460317,26.309961
0.217573696,26.310675
0.217687075,26.311388
0.217800454,26.312098
0.217913832,26.312807
0.218027211,26.313511
0.218140590,26.314217
0.218253968,26.314919
0.218367347,26.315617
0.218480726,26.316313
0.218594104,26.317009
0.218707483,26.317701
0.218820862,26.318390
0.218934240,26.319077
0.219047619,26.319759
0.219160998,26.320438
0.219274376,26.321117
0.219387755,26.321791
0.219501134,26.322460
0.219614512,26.323126
0.219727891,26.323790
0.219841270,26.324448
0.219954649,26.325104
0.220068027,26.325754
0.220181406,26.326401
0.220294785,26.327044
0.220408163,26.327681
0.220521542,26.328316
0.220634921,26.328945
0.220748299,26.329571
0.220861678,26.330193
0.220975057,26.330809
0.221088435,26.331421
0.221201814,26.332027
0.221315193,26.332632
0.221428571,26.333231
0.221541950,26.333826
0.221655329,26.334419
0.221768707,26.335005
0.221882086,26.335590
0.221995465,26.336170
0.222108844,26.336744
0.222222222,26.337317
0.222335601,26.337885
0.222448980,26.338449
0.222562358,26.339010
0.222675737,26.339569
0.222789116,26.340124
0.222902494,26.340675
0.223015873,26.341225
0.223129252,26.341770
0.223242630,26.342314
0.223356009,26.342854
0.223469388,26.343391
0.223582766,26.343925
0.223696145,26.344458
0.223809524,26.344988
0.223922902,26.345516
0.224036281,26.346041
0.224149660,26.346563
0.224263039,26.347086
0.224376417,26.347605
0.224489796,26.348122
0.224603175,26.348637
0.224716553,26.349150
0.224829932,26.349661
0.224943311,26.350172
0.225056689,26.350681
0.225170068,26.351187
0.225283447,26.351692
0.225396825,26.352198
0.225510204,26.352699
0.225623583,26.353201
0.225736961,26.353701
0.225850340,26.354198
0.225963719,26.354696
0.226077098,26.355196
0.226190476,26.355692
0.226303855,26.356188
0.226417234,26.356682
0.226530612,26.357178
0.226643991,26.357674
0.226757370,26.358170
0.226870748,26.358664
0.226984127,26.359158
0.227097506,26.359655
0.227210884,26.360151
0.227324263,26.360647
0.227437642,26.361145
0.227551020,26.361645
0.227664399,26.362144
0.227777778,26.362646
0.227891156,26.363150
0.228004535,26.363653
0.228117914,26.364161
0.228231293,26.364668
0.228344671,26.365177
0.228458050,26.365690
0.228571429,26.366205
0.228684807,26.366720
0.228798186,26.367237
0.228911565,26.367760
0.229024943,26.368284
0.229138322,26.368809
0.229251701,26.369339
0.229365079,26.369869
0.229478458,26.370403
0.229591837,26.370939
0.229705215,26.371479
0.229818594,26.372021
0.229931973,26.372564
0.230045351,26.373114
0.230158730,26.373663
0.230272109,26.374216
0.230385488,26.374769
0.230498866,26.375326
0.230612245,26.375887
0.230725624,26.376450
0.230839002,26.377012
0.230952381,26.377579
0.231065760,26.378149
0.231179138,26.378719
0.231292517,26.379292
0.231405896,26.379866
0.231519274,26.380444
0.231632653,26.381021
0.231746032,26.381603
0.231859410,26.382183
0.231972789,26.382769
0.232086168,26.383356
0.232199546,26.383942
0.232312925,26.384533
0.232426304,26.385122
0.232539683,26.385715
0.232653061,26.386311
0.232766440,26.386908
0.232879819,26.387506
0.232993197,26.388105
0.233106576,26.388708
0.233219955,26.389309
0.233333333,26.389915
0.233446712,26.390522
0.233560091,26.391130
0.233673469,26.391743
0.233786848,26.392353
0.233900227,26.392969
0.234013605,26.393585
0.234126984,26.394203
0.234240363,26.394825
0.234353741,26.395447
0.234467120,26.396070
0.234580499,26.396696
0.234693878,26.397322
0.234807256,26.397951
0.234920635,26.398582
0.235034014,26.399214
0.235147392,26.399847
0.235260771,26.400482
0.235374150,26.401117
0.235487528,26.401754
0.235600907,26.402391
0.235714286,26.403030
0.235827664,26.403671
0.235941043,26.404310
0.236054422,26.404949
0.236167800,26.405592
0.236281179,26.406231
0.236394558,26.406872
0.236507937,26.407513
0.236621315,26.408154
0.236734694,26.408792
0.236848073,26.409431
0.236961451,26.410070
0.237074830,26.410706
0.237188209,26.411345
0.237301587,26.411978
0.237414966,26.412613
0.237528345,26.413248
0.237641723,26.413877
0.237755102,26.414509
0.237868481,26.415136
0.237981859,26.415764
0.238095238,26.416389
0.238208617,26.417011
0.238321995,26.417633
0.238435374,26.418253
0.238548753,26.418869
0.238662132,26.419485
0.238775510,26.420099
0.238888889,26.420710
0.239002268,26.421318
0.239115646,26.421926
0.239229025,26.422531
0.239342404,26.423132
0.239455782,26.423733
0.239569161,26.424330
0.239682540,26.424927
0.239795918,26.425520
0.239909297,26.426109
0.240022676,26.426697
0.240136054,26.427280
0.240249433,26.427864
0.240362812,26.428444
0.240476190,26.429020
0.240589569,26.429592
0.240702948,26.430162
0.240816327,26.430731
0.240929705,26.431293
0.241043084,26.431854
0.241156463,26.432411
0.241269841,26.432964
0.241383220,26.433514
0.241496599,26.434059
0.241609977,26.434601
0.241723356,26.435139
0.241836735,26.435675
0.241950113,26.436205
0.242063492,26.436731
0.242176871,26.437252
0.242290249,26.437771
0.242403628,26.438284
0.242517007,26.438795
0.242630385,26.439299
0.242743764,26.439802
0.242857143,26.440298
0.242970522,26.440790
0.243083900,26.441280
0.243197279,26.441765
0.243310658,26.442247
0.243424036,26.442722
0.243537415,26.443195
0.243650794,26.443665
0.243764172,26.444130
0.243877551,26.444593
0.243990930,26.445053
0.244104308,26.445509
0.244217687,26.445961
0.244331066,26.446409
0.244444444,26.446856
0.244557823,26.447302
0.244671202,26.447742
0.244784580,26.448183
0.244897959,26.448622
0.245011338,26.449059
0.245124717,26.449493
0.245238095,26.449926
0.245351474,26.450357
0.245464853,26.450788
0.245578231,26.451218
0.245691610,26.451647
0.245804989,26.452074
0.245918367,26.452503
0.246031746,26.452930
0.246145125,26.453356
0.246258503,26.453785
0.246371882,26.454212
0.246485261,26.454639
0.246598639,26.455067
0.246712018,26.455494
0.246825397,26.455923
0.246938776,26.456354
0.247052154,26.456783
0.247165533,26.457214
0.247278912,26.457645
0.247392290,26.458078
0.247505669,26.458511
0.247619048,26.458946
0.247732426,26.459381
0.247845805,26.459820
0.247959184,26.460258
0.248072562,26.460697
0.248185941,26.461142
0.248299320,26.461584
0.248412698,26.462032
0.248526077,26.462479
0.248639456,26.462929
0.248752834,26.463385
0.248866213,26.463839
0.248979592,26.464294
0.249092971,26.464756
0.249206349,26.465221
0.249319728,26.465687
0.249433107,26.466156
0.249546485,26.466629
0.249659864,26.467106
0.249773243,26.467587
0.249886621,26.468071
0.250000000,26.468559
0.250113379,26.469051
0.250226757,26.469549
0.250340136,26.470049
0.250453515,26.470554
0.250566893,26.471062
0.250680272,26.471579
0.250793651,26.472095
0.250907029,26.472620
0.251020408,26.473148
0.251133787,26.473684
0.251247166,26.474224
0.251360544,26.474768
0.251473923,26.475317
0.251587302,26.475870
0.251700680,26.476431
0.251814059,26.476995
0.251927438,26.477564
0.252040816,26.478138
0.252154195,26.478720
0.252267574,26.479305
0.252380952,26.479893
0.252494331,26.480488
0.252607710,26.481087
0.252721088,26.481691
0.252834467,26.482300
0.252947846,26.482912
0.253061224,26.483532
0.253174603,26.484152
0.253287982,26.484777
0.253401361,26.485407
0.253514739,26.486040
0.253628118,26.486677
0.253741497,26.487320
0.253854875,26.487965
0.253968254,26.488613
0.254081633,26.489265
0.254195011,26.489920
0.254308390,26.490580
0.254421769,26.491241
0.254535147,26.491905
0.254648526,26.492577
0.254761905,26.493248
0.254875283,26.493921
0.254988662,26.494598
0.255102041,26.495281
0.255215420,26.495962
0.255328798,26.496651
0.255442177,26.497339
0.255555556,26.498032
0.255668934,26.498726
0.255782313,26.499422
0.255895692,26.500122
0.256009070,26.500826
0.256122449,26.501528
0.256235828,26.502235
0.256349206,26.502943
0.256462585,26.503654
0.256575964,26.504366
0.256689342,26.505081
0.256802721,26.505796
0.256916100,26.506514
0.257029478,26.507233
0.257142857,26.507952
0.257256236,26.508673
0.257369615,26.509394
0.257482993,26.510115
0.257596372,26.510838
0.257709751,26.511560
0.257823129,26.512283
0.257936508,26.513006
0.258049887,26.513729
0.258163265,26.514452
0.258276644,26.515175
0.258390023,26.515894
0.258503401,26.516615
0.258616780,26.517334
0.258730159,26.518051
0.258843537,26.518766
0.258956916,26.519480
0.259070295,26.520193
0.259183673,26.520905
0.259297052,26.521612
0.259410431,26.522318
0.259523810,26.523022
0.259637188,26.523722
0.259750567,26.524422
0.259863946,26.525118
0.259977324,26.525810
0.260090703,26.526499
0.260204082,26.527187
0.260317460,26.527868
0.260430839,26.528549
0.260544218,26.529226
0.260657596,26.529900
0.260770975,26.530569
0.260884354,26.531233
0.260997732,26.531895
0.261111111,26.532553
0.261224490,26.533207
0.261337868,26.533857
0.261451247,26.534504
0.261564626,26.535145
0.261678005,26.535782
0.261791383,26.536417
0.261904762,26.537046
0.262018141,26.537672
0.262131519,26.538292
0.262244898,26.538908
0.262358277,26.539520
0.262471655,26.540127
0.262585034,26.540730
0.262698413,26.541328
0.262811791,26.541922
0.262925170,26.542511
0.263038549,26.543097
0.263151927,26.543673
0.263265306,26.544249
0.263378685,26.544817
0.263492063,26.545380
0.263605442,26.545938
0.263718821,26.546492
0.263832200,26.547039
0.263945578,26.547583
0.264058957,26.548117
0.264172336,26.548647
0.264285714,26.549171
0.264399093,26.549690
0.264512472,26.550201
0.264625850,26.550709
0.264739229,26.551208
0.264852608,26.551704
0.264965986,26.552191
0.265079365,26.552673
0.265192744,26.553148
0.265306122,26.553619
0.265419501,26.554083
0.265532880,26.554541
0.265646259,26.554991
0.265759637,26.555435
0.265873016,26.555874
0.265986395,26.556307
0.266099773,26.556734
0.266213152,26.557156
0.266326531,26.557570
0.266439909,26.557981
0.266553288,26.558386
0.266666667,26.558786
0.266780045,26.559179
0.266893424,26.559568
0.267006803,26.559954
0.267120181,26.560333
0.267233560,26.560709
0.267346939,26.561081
0.267460317,26.561449
0.267573696,26.561811
0.267687075,26.562172
0.267800454,26.562529
0.267913832,26.562885
0.268027211,26.563234
0.268140590,26.563583
0.268253968,26.563927
0.268367347,26.564268
0.268480726,26.564610
0.268594104,26.564945
0.268707483,26.565281
0.268820862,26.565613
0.268934240,26.565943
0.269047619,26.566271
0.269160998,26.566599
0.269274376,26.566923
0.269387755,26.567247
0.269501134,26.567566
0.269614512,26.567886
0.269727891,26.568207
0.269841270,26.568523
0.269954649,26.568838
0.270068027,26.569153
0.270181406,26.569466
0.270294785,26.569778
0.270408163,26.570091
0.270521542,26.570402
0.270634921,26.570713
0.270748299,26.571022
0.270861678,26.571333
0.270975057,26.571644
0.271088435,26.571953
0.271201814,26.572262
0.271315193,26.572571
0.271428571,26.572882
0.271541950,26.573191
0.271655329,26.573502
0.271768707,26.573812
0.271882086,26.574125
0.271995465,26.574440
0.272108844,26.574755
0.272222222,26.575069
0.272335601,26.575386
0.272448980,26.575705
0.272562358,26.576027
0.272675737,26.576347
0.272789116,26.576674
0.272902494,26.577000
0.273015873,26.577330
0.273129252,26.577660
0.273242630,26.577993
0.273356009,26.578329
0.273469388,26.578667
0.273582766,26.579008
0.273696145,26.579350
0.273809524,26.579697
0.273922902,26.580044
0.274036281,26.580395
0.274149660,26.580748
0.274263039,26.581102
0.274376417,26.581461
0.274489796,26.581821
0.274603175,26.582184
0.274716553,26.582550
0.274829932,26.582918
0.274943311,26.583286
0.275056689,26.583658
0.275170068,26.584032
0.275283447,26.584406
0.275396825,26.584785
0.275510204,26.585165
0.275623583,26.585546
0.275736961,26.585928
0.275850340,26.586313
0.275963719,26.586700
0.276077098,26.587090
0.276190476,26.587477
0.276303855,26.587868
0.276417234,26.588263
0.276530612,26.588655
0.276643991,26.589052
0.276757370,26.589449
0.276870748,26.589849
0.276984127,26.590248
0.277097506,26.590651
0.277210884,26.591055
0.277324263,26.591459
0.277437642,26.591866
0.277551020,26.592276
0.277664399,26.592686
0.277777778,26.593098
0.277891156,26.593513
0.278004535,26.593929
0.278117914,26.594347
0.278231293,26.594767
0.278344671,26.595188
0.278458050,26.595612
0.278571429,26.596039
0.278684807,26.596466
0.278798186,26.596895
0.278911565,26.597326
0.279024943,26.597761
0.279138322,26.598196
0.279251701,26.598633
0.279365079,26.599072
0.279478458,26.599514
0.279591837,26.599955
0.279705215,26.600399
0.279818594,26.600843
0.279931973,26.601292
0.280045351,26.601738
0.280158730,26.602186
0.280272109,26.602636
0.280385488,26.603088
0.280498866,26.603539
0.280612245,26.603991
0.280725624,26.604443
0.280839002,26.604895
0.280952381,26.605349
0.281065760,26.605804
0.281179138,26.606256
0.281292517,26.606710
0.281405896,26.607164
0.281519274,26.607618
0.281632653,26.608072
0.281746032,26.608526
0.281859410,26.608980
0.281972789,26.609434
0.282086168,26.609888
0.282199546,26.610342
0.282312925,26.610796
0.282426304,26.611250
0.282539683,26.611704
0.282653061,26.612158
0.282766440,26.612612
0.282879819,26.613066
0.282993197,26.613522
0.283106576,26.613976
0.283219955,26.614431
0.283333333,26.614887
0.283446712,26.615343
0.283560091,26.615799
0.283673469,26.616257
0.283786848,26.616716
0.283900227,26.617174
0.284013605,26.617634
0.284126984,26.618095
0.284240363,26.618557
0.284353741,26.619022
0.284467120,26.619484
0.284580499,26.619951
0.284693878,26.620417
0.284807256,26.620884
0.284920635,26.621353
0.285034014,26.621824
0.285147392,26.622293
0.285260771,26.622766
0.285374150,26.623241
0.285487528,26.623714
0.285600907,26.624191
0.285714286,26.624668
0.285827664,26.625145
0.285941043,26.625626
0.286054422,26.626106
0.286167800,26.626587
0.286281179,26.627071
0.286394558,26.627556
0.286507937,26.628040
0.286621315,26.628527
0.286734694,26.629015
0.286848073,26.629503
0.286961451,26.629992
0.287074830,26.630484
0.287188209,26.630976
0.287301587,26.631470
0.287414966,26.631966
0.287528345,26.632462
0.287641723,26.632959
0.287755102,26.633461
0.287868481,26.633961
0.287981859,26.634464
0.288095238,26.634970
0.288208617,26.635477
0.288321995,26.635986
0.288435374,26.636499
0.288548753,26.637012
0.288662132,26.637529
0.288775510,26.638048
0.288888889,26.638573
0.289002268,26.639097
0.289115646,26.639626
0.289229025,26.640156
0.289342404,26.640692
0.289455782,26.641232
0.289569161,26.641773
0.289682540,26.642319
0.289795918,26.642868
0.289909297,26.643421
0.290022676,26.643980
0.290136054,26.644543
0.290249433,26.645109
0.290362812,26.645679
0.290476190,26.646255
0.290589569,26.646837
0.290702948,26.647423
0.290816327,26.648014
0.290929705,26.648609
0.291043084,26.649208
0.291156463,26.649815
0.291269841,26.650425
0.291383220,26.651041
0.291496599,26.651663
0.291609977,26.652288
0.291723356,26.652918
0.291836735,26.653557
0.291950113,26.654198
0.292063492,26.654842
0.292176871,26.655495
0.292290249,26.656153
0.292403628,26.656813
0.292517007,26.657480
0.292630385,26.658152
0.292743764,26.658829
0.292857143,26.659512
0.292970522,26.660198
0.293083900,26.660891
0.293197279,26.661589
0.293310658,26.662292
0.293424036,26.663000
0.293537415,26.663712
0.293650794,26.664433
0.293764172,26.665157
0.293877551,26.665888
0.293990930,26.666622
0.294104308,26.667364
0.294217687,26.668110
0.294331066,26.668863
0.294444444,26.669622
0.294557823,26.670385
0.294671202,26.671156
0.294784580,26.671932
0.294897959,26.672714
0.295011338,26.673502
0.295124717,26.674295
0.295238095,26.675097
0.295351474,26.675901
0.295464853,26.676714
0.295578231,26.677530
0.295691610,26.678354
0.295804989,26.679184
0.295918367,26.680017
0.296031746,26.680859
0.296145125,26.681704
0.296258503,26.682554
0.296371882,26.683409
0.296485261,26.684271
0.296598639,26.685135
0.296712018,26.686005
0.296825397,26.686882
0.296938776,26.687759
0.297052154,26.688643
0.297165533,26.689529
0.297278912,26.690420
0.297392290,26.691313
0.297505669,26.692211
0.297619048,26.693111
0.297732426,26.694014
0.297845805,26.694920
0.297959184,26.695827
0.298072562,26.696737
0.298185941,26.697649
0.298299320,26.698565
0.298412698,26.699478
0.298526077,26.700397
0.298639456,26.701317
0.298752834,26.702238
0.298866213,26.703159
0.298979592,26.704084
0.299092971,26.705008
0.299206349,26.705933
0.299319728,26.706860
0.299433107,26.707785
0.299546485,26.708714
0.299659864,26.709642
0.299773243,26.710571
0.299886621,26.711500
0.300000000,26.712431
0.300113379,26.713362
0.300226757,26.714291
0.300340136,26.715221
0.300453515,26.716152
0.300566893,26.717085
0.300680272,26.718016
0.300793651,26.718946
0.300907029,26.719875
0.301020408,26.720806
0.301133787,26.721737
0.301247166,26.722666
0.301360544,26.723595
0.301473923,26.724524
0.301587302,26.725449
0.301700680,26.726374
0.301814059,26.727299
0.301927438,26.728220
0.302040816,26.729141
0.302154195,26.730061
0.302267574,26.730976
0.302380952,26.731892
0.302494331,26.732803
0.302607710,26.733713
0.302721088,26.734623
0.302834467,26.735527
0.302947846,26.736427
0.303061224,26.737326
0.303174603,26.738220
0.303287982,26.739111
0.303401361,26.739998
0.303514739,26.740883
0.303628118,26.741762
0.303741497,26.742636
0.303854875,26.743509
0.303968254,26.744377
0.304081633,26.745241
0.304195011,26.746101
0.304308390,26.746956
0.304421769,26.747808
0.304535147,26.748655
0.304648526,26.749498
0.304761905,26.750338
0.304875283,26.751175
0.304988662,26.752005
0.305102041,26.752831
0.305215420,26.753656
0.305328798,26.754477
0.305442177,26.755293
0.305555556,26.756104
0.305668934,26.756912
0.305782313,26.757719
0.305895692,26.758520
0.306009070,26.759319
0.306122449,26.760115
0.306235828,26.760906
0.306349206,26.761694
0.306462585,26.762480
0.306575964,26.763264
0.306689342,26.764042
0.306802721,26.764818
0.306916100,26.765591
0.307029478,26.766359
0.307142857,26.767126
0.307256236,26.767891
0.307369615,26.768652
0.307482993,26.769409
0.307596372,26.770164
0.307709751,26.770916
0.307823129,26.771662
0.307936508,26.772408
0.308049887,26.773149
0.308163265,26.773890
0.308276644,26.774626
0.308390023,26.775356
0.308503401,26.776087
0.308616780,26.776814
0.308730159,26.777538
0.308843537,26.778257
0.308956916,26.778975
0.309070295,26.779688
0.309183673,26.780399
0.309297052,26.781109
0.309410431,26.781813
0.309523810,26.782515
0.309637188,26.783215
0.309750567,26.783913
0.309863946,26.784607
0.309977324,26.785299
0.310090703,26.785988
0.310204082,26.786676
0.310317460,26.787361
0.310430839,26.788044
0.310544218,26.788727
0.310657596,26.789408
0.310770975,26.790087
0.310884354,26.790764
0.310997732,26.791443
0.311111111,26.792118
0.311224490,26.792793
0.311337868,26.793467
0.311451247,26.794140
0.311564626,26.794815
0.311678005,26.795488
0.311791383,26.796162
0.311904762,26.796835
0.312018141,26.797510
0.312131519,26.798183
0.312244898,26.798859
0.312358277,26.799534
0.312471655,26.800209
0.312585034,26.800886
0.312698413,26.801563
0.312811791,26.802242
0.312925170,26.802919
0.313038549,26.803600
0.313151927,26.804281
0.313265306,26.804962
0.313378685,26.805645
0.313492063,26.806328
0.313605442,26.807013
0.313718821,26.807697
0.313832200,26.808384
0.313945578,26.809072
0.314058957,26.809759
0.314172336,26.810450
0.314285714,26.811142
0.314399093,26.811832
0.314512472,26.812527
0.314625850,26.813219
0.314739229,26.813915
0.314852608,26.814611
0.314965986,26.815310
0.315079365,26.816010
0.315192744,26.816711
0.315306122,26.817411
0.315419501,26.818115
0.315532880,26.818821
0.315646259,26.819527
0.315759637,26.820236
0.315873016,26.820946
0.315986395,26.821657
0.316099773,26.822372
0.316213152,26.823088
0.316326531,26.823805
0.316439909,26.824526
0.316553288,26.825247
0.316666667,26.825972
0.316780045,26.826698
0.316893424,26.827429
0.317006803,26.828159
0.317120181,26.828896
0.317233560,26.829632
0.317346939,26.830370
0.317460317,26.831112
0.317573696,26.831858
0.317687075,26.832605
0.317800454,26.833355
0.317913832,26.834106
0.318027211,26.834862
0.318140590,26.835619
0.318253968,26.836380
0.318367347,26.837143
0.318480726,26.837908
0.318594104,26.838675
0.318707483,26.839445
0.318820862,26.840218
0.318934240,26.840988
0.319047619,26.841764
0.319160998,26.842543
0.319274376,26.843321
0.319387755,26.844103
0.319501134,26.844885
0.319614512,26.845667
0.319727891,26.846453
0.319841270,26.847239
0.319954649,26.848024
0.320068027,26.848810
0.320181406,26.849600
0.320294785,26.850388
0.320408163,26.851175
0.320521542,26.851965
0.320634921,26.852755
0.320748299,26.853542
0.320861678,26.854332
0.320975057,26.855120
0.321088435,26.855909
0.321201814,26.856699
0.321315193,26.857487
0.321428571,26.858274
0.321541950,26.859060
0.321655329,26.859846
0.321768707,26.860634
0.321882086,26.861418
0.321995465,26.862202
0.322108844,26.862986
0.322222222,26.863768
0.322335601,26.864548
0.322448980,26.865330
0.322562358,26.866106
0.322675737,26.866884
0.322789116,26.867661
0.322902494,26.868435
0.323015873,26.869207
0.323129252,26.869980
0.323242630,26.870749
0.323356009,26.871517
0.323469388,26.872282
0.323582766,26.873045
0.323696145,26.873804
0.323809524,26.874565
0.323922902,26.875320
0.324036281,26.876074
0.324149660,26.876825
0.324263039,26.877571
0.324376417,26.878315
0.324489796,26.879057
0.324603175,26.879795
0.324716553,26.880529
0.324829932,26.881260
0.324943311,26.881985
0.325056689,26.882706
0.325170068,26.883423
0.325283447,26.884138
0.325396825,26.884846
0.325510204,26.885550
0.325623583,26.886248
0.325736961,26.886940
0.325850340,26.887627
0.325963719,26.888311
0.326077098,26.888988
0.326190476,26.889660
0.326303855,26.890326
0.326417234,26.890984
0.326530612,26.891640
0.326643991,26.892288
0.326757370,26.892931
0.326870748,26.893570
0.326984127,26.894201
0.327097506,26.894827
0.327210884,26.895449
0.327324263,26.896065
0.327437642,26.896673
0.327551020,26.897280
0.327664399,26.897879
0.327777778,26.898472
0.327891156,26.899063
0.328004535,26.899647
0.328117914,26.900227
0.328231293,26.900801
0.328344671,26.901371
0.328458050,26.901937
0.328571429,26.902498
0.328684807,26.903055
0.328798186,26.903606
0.328911565,26.904156
0.329024943,26.904701
0.329138322,26.905241
0.329251701,26.905777
0.329365079,26.906309
0.329478458,26.906836
0.329591837,26.907362
0.329705215,26.907883
0.329818594,26.908400
0.329931973,26.908913
0.330045351,26.909424
0.330158730,26.909929
0.330272109,26.910431
0.330385488,26.910929
0.330498866,26.911425
0.330612245,26.911917
0.330725624,26.912403
0.330839002,26.912888
0.330952381,26.913368
0.331065760,26.913847
0.331179138,26.914320
0.331292517,26.914793
0.331405896,26.915260
0.331519274,26.915726
0.331632653,26.916189
0.331746032,26.916647
0.331859410,26.917105
0.331972789,26.917559
0.332086168,26.918011
0.332199546,26.918461
0.332312925,26.918907
0.332426304,26.919353
0.332539683,26.919796
0.332653061,26.920238
0.332766440,26.920677
0.332879819,26.921118
0.332993197,26.921556
0.333106576,26.921993
0.333219955,26.922428
0.333333333,26.922863
0.333446712,26.923298
0.333560091,26.923733
0.333673469,26.924168
0.333786848,26.924604
0.333900227,26.925039
0.334013605,26.925474
0.334126984,26.925911
0.334240363,26.926350
0.334353741,26.926788
0.334467120,26.927227
0.334580499,26.927670
0.334693878,26.928114
0.334807256,26.928558
0.334920635,26.929003
0.335034014,26.929453
0.335147392,26.929903
0.335260771,26.930353
0.335374150,26.930807
0.335487528,26.931265
0.335600907,26.931723
0.335714286,26.932184
0.335827664,26.932648
0.335941043,26.933113
0.336054422,26.933582
0.336167800,26.934052
0.336281179,26.934525
0.336394558,26.935001
0.336507937,26.935480
0.336621315,26.935961
0.336734694,26.936445
0.336848073,26.936934
0.336961451,26.937422
0.337074830,26.937916
0.337188209,26.938412
0.337301587,26.938911
0.337414966,26.939413
0.337528345,26.939920
0.337641723,26.940430
0.337755102,26.940943
0.337868481,26.941460
0.337981859,26.941980
0.338095238,26.942507
0.338208617,26.943035
0.338321995,26.943565
0.338435374,26.944103
0.338548753,26.944643
0.338662132,26.945190
0.338775510,26.945740
0.338888889,26.946295
0.339002268,26.946852
0.339115646,26.947416
0.339229025,26.947985
0.339342404,26.948559
0.339455782,26.949137
0.339569161,26.949720
0.339682540,26.950308
0.339795918,26.950901
0.339909297,26.951500
0.340022676,26.952103
0.340136054,26.952709
0.340249433,26.953321
0.340362812,26.953938
0.340476190,26.954559
0.340589569,26.955185
0.340702948,26.955816
0.340816327,26.956450
0.340929705,26.957090
0.341043084,26.957733
0.341156463,26.958380
0.341269841,26.959030
0.341383220,26.959682
0.341496599,26.960340
0.341609977,26.961002
0.341723356,26.961664
0.341836735,26.962330
0.341950113,26.962997
0.342063492,26.963669
0.342176871,26.964342
0.342290249,26.965015
0.342403628,26.965693
0.342517007,26.966372
0.342630385,26.967049
0.342743764,26.967730
0.342857143,26.968410
0.342970522,26.969091
0.343083900,26.969774
0.343197279,26.970455
0.343310658,26.971138
0.343424036,26.971821
0.343537415,26.972504
0.343650794,26.973186
0.343764172,26.973867
0.343877551,26.974550
0.343990930,26.975229
0.344104308,26.975912
0.344217687,26.976591
0.344331066,26.977270
0.344444444,26.977949
0.344557823,26.978626
0.344671202,26.979303
0.344784580,26.979979
0.344897959,26.980652
0.345011338,26.981325
0.345124717,26.981998
0.345238095,26.982670
0.345351474,26.983337
0.345464853,26.984007
0.345578231,26.984674
0.345691610,26.985338
0.345804989,26.986000
0.345918367,26.986662
0.346031746,26.987320
0.346145125,26.987976
0.346258503,26.988630
0.346371882,26.989283
0.346485261,26.989933
0.346598639,26.990578
0.346712018,26.991220
0.346825397,26.991861
0.346938776,26.992498
0.347052154,26.993132
0.347165533,26.993761
0.347278912,26.994389
0.347392290,26.995012
0.347505669,26.995630
0.347619048,26.996244
0.347732426,26.996857
0.347845805,26.997465
0.347959184,26.998066
0.348072562,26.998665
0.348185941,26.999262
0.348299320,26.999851
0.348412698,27.000437
0.348526077,27.001019
0.348639456,27.001595
0.348752834,27.002167
0.348866213,27.002737
0.348979592,27.003302
0.349092971,27.003862
0.349206349,27.004417
0.349319728,27.004969
0.349433107,27.005516
0.349546485,27.006058
0.349659864,27.006598
0.349773243,27.007132
0.349886621,27.007664
0.350000000,27.008192
0.350113379,27.008715
0.350226757,27.009237
0.350340136,27.009752
0.350453515,27.010267
0.350566893,27.010778
0.350680272,27.011284
0.350793651,27.011787
0.350907029,27.012289
0.351020408,27.012787
0.351133787,27.013281
0.351247166,27.013775
0.351360544,27.014261
0.351473923,27.014750
0.351587302,27.015232
0.351700680,27.015715
0.351814059,27.016191
0.351927438,27.016666
0.352040816,27.017139
0.352154195,27.017611
0.352267574,27.018076
0.352380952,27.018541
0.352494331,27.019005
0.352607710,27.019463
0.352721088,27.019920
0.352834467,27.020374
0.352947846,27.020828
0.353061224,27.021278
0.353174603,27.021725
0.353287982,27.022171
0.353401361,27.022612
0.353514739,27.023052
0.353628118,27.023491
0.353741497,27.023926
0.353854875,27.024359
0.353968254,27.024792
0.354081633,27.025221
0.354195011,27.025650
0.354308390,27.026075
0.354421769,27.026499
0.354535147,27.026922
0.354648526,27.027344
0.354761905,27.027761
0.354875283,27.028183
0.354988662,27.028601
0.355102041,27.029016
0.355215420,27.029434
0.355328798,27.029850
0.355442177,27.030266
0.355555556,27.030682
0.355668934,27.031097
0.355782313,27.031511
0.355895692,27.031929
0.356009070,27.032345
0.356122449,27.032761
0.356235828,27.033178
0.356349206,27.033596
0.356462585,27.034016
0.356575964,27.034435
0.356689342,27.034857
0.356802721,27.035276
0.356916100,27.035700
0.357029478,27.036123
0.357142857,27.036549
0.357256236,27.036974
0.357369615,27.037403
0.357482993,27.037830
0.357596372,27.038260
0.357709751,27.038691
0.357823129,27.039124
0.357936508,27.039557
0.358049887,27.039989
0.358163265,27.040426
0.358276644,27.040861
0.358390023,27.041298
0.358503401,27.041737
0.358616780,27.042175
0.358730159,27.042614
0.358843537,27.043055
0.358956916,27.043497
0.359070295,27.043938
0.359183673,27.044380
0.359297052,27.044821
0.359410431,27.045265
0.359523810,27.045708
0.359637188,27.046154
0.359750567,27.046597
0.359863946,27.047043
0.359977324,27.047487
0.360090703,27.047935
0.360204082,27.048380
0.360317460,27.048826
0.360430839,27.049274
0.360544218,27.049723
0.360657596,27.050169
0.360770975,27.050619
0.360884354,27.051067
0.360997732,27.051516
0.361111111,27.051966
0.361224490,27.052416
0.361337868,27.052864
0.361451247,27.053314
0.361564626,27.053766
0.361678005,27.054216
0.361791383,27.054667
0.361904762,27.055117
0.362018141,27.055567
0.362131519,27.056021
0.362244898,27.056471
0.362358277,27.056921
0.362471655,27.057369
0.362585034,27.057819
0.362698413,27.058270
0.362811791,27.058718
0.362925170,27.059164
0.363038549,27.059612
0.363151927,27.060059
0.363265306,27.060505
0.363378685,27.060947
0.363492063,27.061390
0.363605442,27.061829
0.363718821,27.062267
0.363832200,27.062704
0.363945578,27.063139
0.364058957,27.063572
0.364172336,27.063999
0.364285714,27.064426
0.364399093,27.064848
0.364512472,27.065269
0.364625850,27.065689
0.364739229,27.066101
0.364852608,27.066511
0.364965986,27.066917
0.365079365,27.067320
0.365192744,27.067720
0.365306122,27.068115
0.365419501,27.068506
0.365532880,27.068893
0.365646259,27.069275
0.365759637,27.069653
0.365873016,27.070026
0.365986395,27.070395
0.366099773,27.070759
0.366213152,27.071117
0.366326531,27.071470
0.366439909,27.071821
0.366553288,27.072165
0.366666667,27.072502
0.366780045,27.072836
0.366893424,27.073166
0.367006803,27.073488
0.367120181,27.073807
0.367233560,27.074120
0.367346939,27.074427
0.367460317,27.074730
0.367573696,27.075024
0.367687075,27.075315
0.367800454,27.075600
0.367913832,27.075880
0.368027211,27.076151
0.368140590,27.076418
0.368253968,27.076679
0.368367347,27.076937
0.368480726,27.077183
0.368594104,27.077427
0.368707483,27.077662
0.368820862,27.077892
0.368934240,27.078115
0.369047619,27.078331
0.369160998,27.078543
0.369274376,27.078745
0.369387755,27.078941
0.369501134,27.079132
0.369614512,27.079313
0.369727891,27.079491
0.369841270,27.079659
0.369954649,27.079819
0.370068027,27.079975
0.370181406,27.080122
0.370294785,27.080263
0.370408163,27.080395
0.370521542,27.080521
0.370634921,27.080639
0.370748299,27.080753
0.370861678,27.080856
0.370975057,27.080954
0.371088435,27.081043
0.371201814,27.081129
0.371315193,27.081205
0.371428571,27.081276
0.371541950,27.081339
0.371655329,27.081396
0.371768707,27.081448
0.371882086,27.081490
0.371995465,27.081528
0.372108844,27.081558
0.372222222,27.081583
0.372335601,27.081602
0.372448980,27.081617
0.372562358,27.081623
0.372675737,27.081625
0.372789116,27.081621
0.372902494,27.081614
0.373015873,27.081598
0.373129252,27.081579
0.373242630,27.081556
0.373356009,27.081526
0.373469388,27.081493
0.373582766,27.081455
0.373696145,27.081413
0.373809524,27.081366
0.373922902,27.081316
0.374036281,27.081259
0.374149660,27.081202
0.374263039,27.081137
0.374376417,27.081068
0.374489796,27.080997
0.374603175,27.080921
0.374716553,27.080843
0.374829932,27.080759
0.374943311,27.080673
0.375056689,27.080584
0.375170068,27.080488
0.375283447,27.080391
0.375396825,27.080290
0.375510204,27.080183
0.375623583,27.080076
0.375736961,27.079964
0.375850340,27.079847
0.375963719,27.079729
0.376077098,27.079609
0.376190476,27.079483
0.376303855,27.079357
0.376417234,27.079226
0.376530612,27.079094
0.376643991,27.078957
0.376757370,27.078819
0.376870748,27.078678
0.376984127,27.078537
0.377097506,27.078392
0.377210884,27.078245
0.377324263,27.078096
0.377437642,27.077948
0.377551020,27.077797
0.377664399,27.077644
0.377777778,27.077492
0.377891156,27.077339
0.378004535,27.077183
0.378117914,27.077030
0.378231293,27.076874
0.378344671,27.076719
0.378458050,27.076563
0.378571429,27.076408
0.378684807,27.076254
0.378798186,27.076099
0.378911565,27.075945
0.379024943,27.075790
0.379138322,27.075640
0.379251701,27.075487
0.379365079,27.075336
0.379478458,27.075188
0.379591837,27.075039
0.379705215,27.074892
0.379818594,27.074747
0.379931973,27.074602
0.380045351,27.074459
0.380158730,27.074318
0.380272109,27.074179
0.380385488,27.074038
0.380498866,27.073902
0.380612245,27.073767
0.380725624,27.073629
0.380839002,27.073496
0.380952381,27.073364
0.381065760,27.073233
0.381179138,27.073101
0.381292517,27.072973
0.381405896,27.072845
0.381519274,27.072718
0.381632653,27.072592
0.381746032,27.072466
0.381859410,27.072342
0.381972789,27.072218
0.382086168,27.072096
0.382199546,27.071974
0.382312925,27.071854
0.382426304,27.071733
0.382539683,27.071613
0.382653061,27.071493
0.382766440,27.071375
0.382879819,27.071259
0.382993197,27.071142
0.383106576,27.071026
0.383219955,27.070911
0.383333333,27.070797
0.383446712,27.070681
0.383560091,27.070568
0.383673469,27.070456
0.383786848,27.070343
0.383900227,27.070230
0.384013605,27.070120
0.384126984,27.070009
0.384240363,27.069899
0.384353741,27.069790
0.384467120,27.069677
0.384580499,27.069569
0.384693878,27.069458
0.384807256,27.069349
0.384920635,27.069239
0.385034014,27.069128
0.385147392,27.069017
0.385260771,27.068905
0.385374150,27.068792
0.385487528,27.068680
0.385600907,27.068565
0.385714286,27.068449
0.385827664,27.068333
0.385941043,27.068214
0.386054422,27.068094
0.386167800,27.067972
0.386281179,27.067848
0.386394558,27.067724
0.386507937,27.067595
0.386621315,27.067463
0.386734694,27.067329
0.386848073,27.067194
0.386961451,27.067055
0.387074830,27.066912
0.387188209,27.066767
0.387301587,27.066620
0.387414966,27.066469
0.387528345,27.066313
0.387641723,27.066154
0.387755102,27.065994
0.387868481,27.065828
0.387981859,27.065660
0.388095238,27.065487
0.388208617,27.065310
0.388321995,27.065130
0.388435374,27.064945
0.388548753,27.064756
0.388662132,27.064566
0.388775510,27.064369
0.388888889,27.064171
0.389002268,27.063965
0.389115646,27.063759
0.389229025,27.063547
0.389342404,27.063330
0.389455782,27.063110
0.389569161,27.062885
0.389682540,27.062658
0.389795918,27.062426
0.389909297,27.062187
0.390022676,27.061947
0.390136054,27.061705
0.390249433,27.061457
0.390362812,27.061203
0.390476190,27.060947
0.390589569,27.060688
0.390702948,27.060423
0.390816327,27.060154
0.390929705,27.059883
0.391043084,27.059607
0.391156463,27.059326
0.391269841,27.059040
0.391383220,27.058752
0.391496599,27.058456
0.391609977,27.058159
0.391723356,27.057858
0.391836735,27.057550
0.391950113,27.057240
0.392063492,27.056925
0.392176871,27.056604
0.392290249,27.056282
0.392403628,27.055952
0.392517007,27.055618
0.392630385,27.055281
0.392743764,27.054941
0.392857143,27.054594
0.392970522,27.054245
0.393083900,27.053890
0.393197279,27.053532
0.393310658,27.053167
0.393424036,27.052803
0.393537415,27.052431
0.393650794,27.052057
0.393764172,27.051680
0.393877551,27.051298
0.393990930,27.050913
0.394104308,27.050526
0.394217687,27.050135
0.394331066,27.049738
0.394444444,27.049341
0.394557823,27.048943
0.394671202,27.048538
0.394784580,27.048134
0.394897959,27.047726
0.395011338,27.047316
0.395124717,27.046906
0.395238095,27.046490
0.395351474,27.046074
0.395464853,27.045658
0.395578231,27.045237
0.395691610,27.044817
0.395804989,27.044394
0.395918367,27.043972
0.396031746,27.043547
0.396145125,27.043119
0.396258503,27.042694
0.396371882,27.042265
0.396485261,27.041838
0.396598639,27.041409
0.396712018,27.040977
0.396825397,27.040548
0.396938776,27.040117
0.397052154,27.039684
0.397165533,27.039253
0.397278912,27.038820
0.397392290,27.038389
0.397505669,27.037958
0.397619048,27.037525
0.397732426,27.037094
0.397845805,27.036663
0.397959184,27.036232
0.398072562,27.035803
0.398185941,27.035374
0.398299320,27.034945
0.398412698,27.034517
0.398526077,27.034092
0.398639456,27.033667
0.398752834,27.033243
0.398866213,27.032822
0.398979592,27.032402
0.399092971,27.031984
0.399206349,27.031567
0.399319728,27.031153
0.399433107,27.030741
0.399546485,27.030331
0.399659864,27.029924
0.399773243,27.029522
0.399886621,27.029121
0.400000000,27.028723
0.400113379,27.028328
0.400226757,27.027937
0.400340136,27.027548
0.400453515,27.027164
0.400566893,27.026783
0.400680272,27.026407
0.400793651,27.026035
0.400907029,27.025663
0.401020408,27.025297
0.401133787,27.024937
0.401247166,27.024578
0.401360544,27.024225
0.401473923,27.023876
0.401587302,27.023529
0.401700680,27.023186
0.401814059,27.022848
0.401927438,27.022514
0.402040816,27.022184
0.402154195,27.021860
0.402267574,27.021536
0.402380952,27.021217
0.402494331,27.020903
0.402607710,27.020594
0.402721088,27.020287
0.402834467,27.019985
0.402947846,27.019686
0.403061224,27.019390
0.403174603,27.019098
0.403287982,27.018812
0.403401361,27.018526
0.403514739,27.018246
0.403628118,27.017969
0.403741497,27.017696
0.403854875,27.017426
0.403968254,27.017159
0.404081633,27.016897
0.404195011,27.016638
0.404308390,27.016382
0.404421769,27.016129
0.404535147,27.015882
0.404648526,27.015636
0.404761905,27.015394
0.404875283,27.015156
0.404988662,27.014921
0.405102041,27.014688
0.405215420,27.014462
0.405328798,27.014235
0.405442177,27.014015
0.405555556,27.013798
0.405668934,27.013584
0.405782313,27.013371
0.405895692,27.013165
0.406009070,27.012960
0.406122449,27.012758
0.406235828,27.012562
0.406349206,27.012367
0.406462585,27.012175
0.406575964,27.011988
0.406689342,27.011803
0.406802721,27.011620
0.406916100,27.011440
0.407029478,27.011263
0.407142857,27.011089
0.407256236,27.010916
0.407369615,27.010746
0.407482993,27.010578
0.407596372,27.010414
0.407709751,27.010250
0.407823129,27.010086
0.407936508,27.009928
0.408049887,27.009769
0.408163265,27.009609
0.408276644,27.009455
0.408390023,27.009298
0.408503401,27.009144
0.408616780,27.008989
0.408730159,27.008835
0.408843537,27.008682
0.408956916,27.008530
0.409070295,27.008377
0.409183673,27.008224
0.409297052,27.008070
0.409410431,27.007917
0.409523810,27.007763
0.409637188,27.007608
0.409750567,27.007452
0.409863946,27.007298
0.409977324,27.007139
0.410090703,27.006983
0.410204082,27.006823
0.410317460,27.006662
0.410430839,27.006502
0.410544218,27.006340
0.410657596,27.006174
0.410770975,27.006008
0.410884354,27.005842
0.410997732,27.005674
0.411111111,27.005505
0.411224490,27.005333
0.411337868,27.005161
0.411451247,27.004986
0.411564626,27.004810
0.411678005,27.004635
0.411791383,27.004454
0.411904762,27.004274
0.412018141,27.004091
0.412131519,27.003906
0.412244898,27.003721
0.412358277,27.003534
0.412471655,27.003342
0.412585034,27.003151
0.412698413,27.002956
0.412811791,27.002760
0.412925170,27.002562
0.413038549,27.002359
0.413151927,27.002157
0.413265306,27.001951
0.413378685,27.001743
0.413492063,27.001534
0.413605442,27.001320
0.413718821,27.001104
0.413832200,27.000885
0.413945578,27.000664
0.414058957,27.000439
0.414172336,27.000212
0.414285714,26.999981
0.414399093,26.999746
0.414512472,26.999510
0.414625850,26.999271
0.414739229,26.999027
0.414852608,26.998783
0.414965986,26.998533
0.415079365,26.998281
0.415192744,26.998028
0.415306122,26.997770
0.415419501,26.997511
0.415532880,26.997248
0.415646259,26.996981
0.415759637,26.996712
0.415873016,26.996441
0.415986395,26.996168
0.416099773,26.995892
0.416213152,26.995613
0.416326531,26.995333
0.416439909,26.995050
0.416553288,26.994766
0.416666667,26.994480
0.416780045,26.994194
0.416893424,26.993904
0.417006803,26.993614
0.417120181,26.993322
0.417233560,26.993029
0.417346939,26.992737
0.417460317,26.992441
0.417573696,26.992146
0.417687075,26.991852
0.417800454,26.991556
0.417913832,26.991259
0.418027211,26.990963
0.418140590,26.990665
0.418253968,26.990370
0.418367347,26.990074
0.418480726,26.989777
0.418594104,26.989481
0.418707483,26.989185
0.418820862,26.988890
0.418934240,26.988594
0.419047619,26.988300
0.419160998,26.988007
0.419274376,26.987713
0.419387755,26.987419
0.419501134,26.987127
0.419614512,26.986837
0.419727891,26.986546
0.419841270,26.986256
0.419954649,26.985968
0.420068027,26.985678
0.420181406,26.985392
0.420294785,26.985106
0.420408163,26.984819
0.420521542,26.984535
0.420634921,26.984249
0.420748299,26.983969
0.420861678,26.983686
0.420975057,26.983408
0.421088435,26.983128
0.421201814,26.982853
0.421315193,26.982576
0.421428571,26.982304
0.421541950,26.982031
0.421655329,26.981760
0.421768707,26.981491
0.421882086,26.981224
0.421995465,26.980961
0.422108844,26.980700
0.422222222,26.980440
0.422335601,26.980185
0.422448980,26.979929
0.422562358,26.979677
0.422675737,26.979427
0.422789116,26.979181
0.422902494,26.978937
0.423015873,26.978697
0.423129252,26.978458
0.423242630,26.978224
0.423356009,26.977989
0.423469388,26.977762
0.423582766,26.977533
0.423696145,26.977312
0.423809524,26.977091
0.423922902,26.976871
0.424036281,26.976658
0.424149660,26.976444
0.424263039,26.976234
0.424376417,26.976028
0.424489796,26.975824
0.424603175,26.975622
0.424716553,26.975422
0.424829932,26.975225
0.424943311,26.975031
0.425056689,26.974838
0.425170068,26.974648
0.425283447,26.974459
0.425396825,26.974272
0.425510204,26.974087
0.425623583,26.973906
0.425736961,26.973722
0.425850340,26.973543
0.425963719,26.973364
0.426077098,26.973188
0.426190476,26.973013
0.426303855,26.972837
0.426417234,26.972664
0.426530612,26.972492
0.426643991,26.972322
0.426757370,26.972153
0.426870748,26.971983
0.426984127,26.971815
0.427097506,26.971647
0.427210884,26.971479
0.427324263,26.971315
0.427437642,26.971149
0.427551020,26.970984
0.427664399,26.970819
0.427777778,26.970655
0.427891156,26.970493
0.428004535,26.970331
0.428117914,26.970167
0.428231293,26.970005
0.428344671,26.969845
0.428458050,26.969683
0.428571429,26.969521
0.428684807,26.969360
0.428798186,26.969198
0.428911565,26.969036
0.429024943,26.968874
0.429138322,26.968712
0.429251701,26.968548
0.429365079,26.968386
0.429478458,26.968222
0.429591837,26.968054
0.429705215,26.967888
0.429818594,26.967720
0.429931973,26.967550
0.430045351,26.967382
0.430158730,26.967209
0.430272109,26.967035
0.430385488,26.966858
0.430498866,26.966681
0.430612245,26.966499
0.430725624,26.966316
0.430839002,26.966131
0.430952381,26.965944
0.431065760,26.965752
0.431179138,26.965559
0.431292517,26.965363
0.431405896,26.965162
0.431519274,26.964960
0.431632653,26.964754
0.431746032,26.964544
0.431859410,26.964333
0.431972789,26.964115
0.432086168,26.963896
0.432199546,26.963671
0.432312925,26.963446
0.432426304,26.963213
0.432539683,26.962978
0.432653061,26.962742
0.432766440,26.962500
0.432879819,26.962254
0.432993197,26.962004
0.433106576,26.961750
0.433219955,26.961494
0.433333333,26.961235
0.433446712,26.960970
0.433560091,26.960703
0.433673469,26.960432
0.433786848,26.960159
0.433900227,26.959879
0.434013605,26.959599
0.434126984,26.959314
0.434240363,26.959026
0.434353741,26.958735
0.434467120,26.958439
0.434580499,26.958141
0.434693878,26.957838
0.434807256,26.957533
0.434920635,26.957226
0.435034014,26.956913
0.435147392,26.956598
0.435260771,26.956278
0.435374150,26.955957
0.435487528,26.955631
0.435600907,26.955301
0.435714286,26.954969
0.435827664,26.954634
0.435941043,26.954294
0.436054422,26.953951
0.436167800,26.953606
0.436281179,26.953255
0.436394558,26.952900
0.436507937,26.952543
0.436621315,26.952183
0.436734694,26.951817
0.436848073,26.951450
0.436961451,26.951078
0.437074830,26.950705
0.437188209,26.950327
0.437301587,26.949945
0.437414966,26.949560
0.437528345,26.949175
0.437641723,26.948786
0.437755102,26.948393
0.437868481,26.947998
0.437981859,26.947599
0.438095238,26.947199
0.438208617,26.946798
0.438321995,26.946394
0.438435374,26.945986
0.438548753,26.945578
0.438662132,26.945169
0.438775510,26.944757
0.438888889,26.944344
0.439002268,26.943930
0.439115646,26.943514
0.439229025,26.943098
0.439342404,26.942680
0.439455782,26.942263
0.439569161,26.941843
0.439682540,26.941425
0.439795918,26.941004
0.439909297,26.940584
0.440022676,26.940163
0.440136054,26.939743
0.440249433,26.939320
0.440362812,26.938898
0.440476190,26.938477
0.440589569,26.938055
0.440702948,26.937635
0.440816327,26.937212
0.440929705,26.936792
0.441043084,26.936369
0.441156463,26.935949
0.441269841,26.935528
0.441383220,26.935108
0.441496599,26.934687
0.441609977,26.934269
0.441723356,26.933847
0.441836735,26.933430
0.441950113,26.933012
0.442063492,26.932596
0.442176871,26.932178
0.442290249,26.931761
0.442403628,26.931347
0.442517007,26.930933
0.442630385,26.930519
0.442743764,26.930107
0.442857143,26.929697
0.442970522,26.929287
0.443083900,26.928879
0.443197279,26.928473
0.443310658,26.928066
0.443424036,26.927662
0.443537415,26.927261
0.443650794,26.926863
0.443764172,26.926464
0.443877551,26.926071
0.443990930,26.925678
0.444104308,26.925287
0.444217687,26.924900
0.444331066,26.924515
0.444444444,26.924135
0.444557823,26.923758
0.444671202,26.923382
0.444784580,26.923010
0.444897959,26.922642
0.445011338,26.922276
0.445124717,26.921913
0.445238095,26.921555
0.445351474,26.921200
0.445464853,26.920847
0.445578231,26.920500
0.445691610,26.920155
0.445804989,26.919813
0.445918367,26.919477
0.446031746,26.919142
0.446145125,26.918812
0.446258503,26.918484
0.446371882,26.918159
0.446485261,26.917839
0.446598639,26.917521
0.446712018,26.917206
0.446825397,26.916895
0.446938776,26.916588
0.447052154,26.916283
0.447165533,26.915979
0.447278912,26.915680
0.447392290,26.915382
0.447505669,26.915089
0.447619048,26.914797
0.447732426,26.914509
0.447845805,26.914223
0.447959184,26.913937
0.448072562,26.913654
0.448185941,26.913376
0.448299320,26.913097
0.448412698,26.912823
0.448526077,26.912548
0.448639456,26.912277
0.448752834,26.912008
0.448866213,26.911739
0.448979592,26.911472
0.449092971,26.911207
0.449206349,26.910944
0.449319728,26.910683
0.449433107,26.910421
0.449546485,26.910164
0.449659864,26.909906
0.449773243,26.909649
0.449886621,26.909393
0.450000000,26.909140
0.450113379,26.908886
0.450226757,26.908634
0.450340136,26.908382
0.450453515,26.908131
0.450566893,26.907883
0.450680272,26.907633
0.450793651,26.907385
0.450907029,26.907137
0.451020408,26.906889
0.451133787,26.906643
0.451247166,26.906395
0.451360544,26.906149
0.451473923,26.905901
0.451587302,26.905657
0.451700680,26.905409
0.451814059,26.905161
0.451927438,26.904915
0.452040816,26.904667
0.452154195,26.904419
0.452267574,26.904171
0.452380952,26.903921
0.452494331,26.903671
0.452607710,26.903419
0.452721088,26.903168
0.452834467,26.902914
0.452947846,26.902660
0.453061224,26.902403
0.453174603,26.902145
0.453287982,26.901886
0.453401361,26.901627
0.453514739,26.901363
0.453628118,26.901098
0.453741497,26.900831
0.453854875,26.900562
0.453968254,26.900291
0.454081633,26.900021
0.454195011,26.899744
0.454308390,26.899469
0.454421769,26.899189
0.454535147,26.898909
0.454648526,26.898626
0.454761905,26.898340
0.454875283,26.898054
0.454988662,26.897764
0.455102041,26.897472
0.455215420,26.897177
0.455328798,26.896881
0.455442177,26.896585
0.455555556,26.896284
0.455668934,26.895985
0.455782313,26.895681
0.455895692,26.895374
0.456009070,26.895069
0.456122449,26.894760
0.456235828,26.894451
0.456349206,26.894140
0.456462585,26.893827
0.456575964,26.893513
0.456689342,26.893196
0.456802721,26.892879
0.456916100,26.892563
0.457029478,26.892242
0.457142857,26.891922
0.457256236,26.891602
0.457369615,26.891277
0.457482993,26.890955
0.457596372,26.890629
0.457709751,26.890305
0.457823129,26.889977
0.457936508,26.889650
0.458049887,26.889324
0.458163265,26.888994
0.458276644,26.888664
0.458390023,26.888336
0.458503401,26.888004
0.458616780,26.887672
0.458730159,26.887341
0.458843537,26.887009
0.458956916,26.886677
0.459070295,26.886345
0.459183673,26.886011
0.459297052,26.885677
0.459410431,26.885344
0.459523810,26.885010
0.459637188,26.884678
0.459750567,26.884344
0.459863946,26.884012
0.459977324,26.883680
0.460090703,26.883348
0.460204082,26.883017
0.460317460,26.882687
0.460430839,26.882359
0.460544218,26.882030
0.460657596,26.881701
0.460770975,26.881376
0.460884354,26.881050
0.460997732,26.880728
0.461111111,26.880405
0.461224490,26.880087
0.461337868,26.879768
0.461451247,26.879452
0.461564626,26.879137
0.461678005,26.878824
0.461791383,26.878513
0.461904762,26.878206
0.462018141,26.877901
0.462131519,26.877596
0.462244898,26.877296
0.462358277,26.876997
0.462471655,26.876703
0.462585034,26.876410
0.462698413,26.876120
0.462811791,26.875832
0.462925170,26.875549
0.463038549,26.875267
0.463151927,26.874989
0.463265306,26.874714
0.463378685,26.874441
0.463492063,26.874172
0.463605442,26.873905
0.463718821,26.873642
0.463832200,26.873383
0.463945578,26.873127
0.464058957,26.872873
0.464172336,26.872623
0.464285714,26.872377
0.464399093,26.872133
0.464512472,26.871893
0.464625850,26.871656
0.464739229,26.871424
0.464852608,26.871193
0.464965986,26.870968
0.465079365,26.870745
0.465192744,26.870523
0.465306122,26.870308
0.465419501,26.870096
0.465532880,26.869888
0.465646259,26.869682
0.465759637,26.869484
0.465873016,26.869286
0.465986395,26.869093
0.466099773,26.868904
0.466213152,26.868719
0.466326531,26.868536
0.466439909,26.868359
0.466553288,26.868185
0.466666667,26.868017
0.466780045,26.867851
0.466893424,26.867689
0.467006803,26.867533
0.467120181,26.867380
0.467233560,26.867231
0.467346939,26.867086
0.467460317,26.866947
0.467573696,26.866812
0.467687075,26.866680
0.467800454,26.866552
0.467913832,26.866430
0.468027211,26.866310
0.468140590,26.866196
0.468253968,26.866083
0.468367347,26.865976
0.468480726,26.865873
0.468594104,26.865772
0.468707483,26.865677
0.468820862,26.865583
0.468934240,26.865496
0.469047619,26.865408
0.469160998,26.865326
0.469274376,26.865246
0.469387755,26.865168
0.469501134,26.865093
0.469614512,26.865023
0.469727891,26.864952
0.469841270,26.864883
0.469954649,26.864819
0.470068027,26.864756
0.470181406,26.864691
0.470294785,26.864632
0.470408163,26.864573
0.470521542,26.864517
0.470634921,26.864460
0.470748299,26.864405
0.470861678,26.864351
0.470975057,26.864298
0.471088435,26.864244
0.471201814,26.864193
0.471315193,26.864141
0.471428571,26.864090
0.471541950,26.864040
0.471655329,26.863993
0.471768707,26.863943
0.471882086,26.863894
0.471995465,26.863844
0.472108844,26.863794
0.472222222,26.863745
0.472335601,26.863695
0.472448980,26.863646
0.472562358,26.863596
0.472675737,26.863546
0.472789116,26.863497
0.472902494,26.863445
0.473015873,26.863396
0.473129252,26.863344
0.473242630,26.863297
0.473356009,26.863245
0.473469388,26.863192
0.473582766,26.863140
0.473696145,26.863087
0.473809524,26.863033
0.473922902,26.862978
0.474036281,26.862923
0.474149660,26.862865
0.474263039,26.862808
0.474376417,26.862747
0.474489796,26.862686
0.474603175,26.862625
0.474716553,26.862558
0.474829932,26.862492
0.474943311,26.862423
0.475056689,26.862352
0.475170068,26.862280
0.475283447,26.862204
0.475396825,26.862123
0.475510204,26.862043
0.475623583,26.861958
0.475736961,26.861870
0.475850340,26.861780
0.475963719,26.861687
0.476077098,26.861589
0.476190476,26.861488
0.476303855,26.861383
0.476417234,26.861277
0.476530612,26.861164
0.476643991,26.861050
0.476757370,26.860931
0.476870748,26.860809
0.476984127,26.860683
0.477097506,26.860556
0.477210884,26.860422
0.477324263,26.860287
0.477437642,26.860149
0.477551020,26.860006
0.477664399,26.859861
0.477777778,26.859715
0.477891156,26.859562
0.478004535,26.859409
0.478117914,26.859253
0.478231293,26.859095
0.478344671,26.858932
0.478458050,26.858770
0.478571429,26.858604
0.478684807,26.858437
0.478798186,26.858267
0.478911565,26.858093
0.479024943,26.857922
0.479138322,26.857746
0.479251701,26.857569
0.479365079,26.857391
0.479478458,26.857210
0.479591837,26.857031
0.479705215,26.856848
0.479818594,26.856665
0.479931973,26.856482
0.480045351,26.856295
0.480158730,26.856108
0.480272109,26.855921
0.480385488,26.855734
0.480498866,26.855545
0.480612245,26.855356
0.480725624,26.855165
0.480839002,26.854975
0.480952381,26.854784
0.481065760,26.854593
0.481179138,26.854403
0.481292517,26.854212
0.481405896,26.854019
0.481519274,26.853828
0.481632653,26.853638
0.481746032,26.853447
0.481859410,26.853256
0.481972789,26.853065
0.482086168,26.852877
0.482199546,26.852688
0.482312925,26.852501
0.482426304,26.852314
0.482539683,26.852129
0.482653061,26.851946
0.482766440,26.851765
0.482879819,26.851585
0.482993197,26.851408
0.483106576,26.851233
0.483219955,26.851061
0.483333333,26.850891
0.483446712,26.850723
0.483560091,26.850559
0.483673469,26.850399
0.483786848,26.850243
0.483900227,26.850090
0.484013605,26.849939
0.484126984,26.849794
0.484240363,26.849653
0.484353741,26.849516
0.484467120,26.849384
0.484580499,26.849257
0.484693878,26.849133
0.484807256,26.849012
0.484920635,26.848900
0.485034014,26.848789
0.485147392,26.848686
0.485260771,26.848585
0.485374150,26.848492
0.485487528,26.848400
0.485600907,26.848316
0.485714286,26.848236
0.485827664,26.848162
0.485941043,26.848091
0.486054422,26.848026
0.486167800,26.847967
0.486281179,26.847912
0.486394558,26.847862
0.486507937,26.847816
0.486621315,26.847776
0.486734694,26.847742
0.486848073,26.847712
0.486961451,26.847685
0.487074830,26.847664
0.487188209,26.847651
0.487301587,26.847637
0.487414966,26.847631
0.487528345,26.847631
0.487641723,26.847635
0.487755102,26.847645
0.487868481,26.847656
0.487981859,26.847677
0.488095238,26.847700
0.488208617,26.847729
0.488321995,26.847763
0.488435374,26.847801
0.488548753,26.847849
0.488662132,26.847897
0.488775510,26.847952
0.488888889,26.848015
0.489002268,26.848080
0.489115646,26.848150
0.489229025,26.848228
0.489342404,26.848310
0.489455782,26.848398
0.489569161,26.848492
0.489682540,26.848591
0.489795918,26.848696
0.489909297,26.848806
0.490022676,26.848923
0.490136054,26.849043
0.490249433,26.849169
0.490362812,26.849302
0.490476190,26.849438
0.490589569,26.849581
0.490702948,26.849728
0.490816327,26.849882
0.490929705,26.850039
0.491043084,26.850201
0.491156463,26.850367
0.491269841,26.850538
0.491383220,26.850714
0.491496599,26.850895
0.491609977,26.851078
0.491723356,26.851265
0.491836735,26.851456
0.491950113,26.851650
0.492063492,26.851849
0.492176871,26.852049
0.492290249,26.852253
0.492403628,26.852459
0.492517007,26.852671
0.492630385,26.852882
0.492743764,26.853096
0.492857143,26.853312
0.492970522,26.853531
0.493083900,26.853750
0.493197279,26.853971
0.493310658,26.854197
0.493424036,26.854422
0.493537415,26.854649
0.493650794,26.854877
0.493764172,26.855108
0.493877551,26.855339
0.493990930,26.855572
0.494104308,26.855808
0.494217687,26.856043
0.494331066,26.856279
0.494444444,26.856518
0.494557823,26.856756
0.494671202,26.856997
0.494784580,26.857237
0.494897959,26.857479
0.495011338,26.857721
0.495124717,26.857965
0.495238095,26.858212
0.495351474,26.858454
0.495464853,26.858700
0.495578231,26.858948
0.495691610,26.859194
0.495804989,26.859440
0.495918367,26.859688
0.496031746,26.859936
0.496145125,26.860180
0.496258503,26.860428
0.496371882,26.860676
0.496485261,26.860922
0.496598639,26.861166
0.496712018,26.861410
0.496825397,26.861654
0.496938776,26.861897
0.497052154,26.862139
0.497165533,26.862379
0.497278912,26.862617
0.497392290,26.862854
0.497505669,26.863089
0.497619048,26.863321
0.497732426,26.863554
0.497845805,26.863781
0.497959184,26.864010
0.498072562,26.864233
0.498185941,26.864456
0.498299320,26.864676
0.498412698,26.864895
0.498526077,26.865110
0.498639456,26.865322
0.498752834,26.865532
0.498866213,26.865742
0.498979592,26.865946
0.499092971,26.866150
0.499206349,26.866350
0.499319728,26.866549
0.499433107,26.866745
0.499546485,26.866940
0.499659864,26.867132
0.499773243,26.867321
0.499886621,26.867510
0.500000000,26.867695
0.500113379,26.867878
0.500226757,26.868061
0.500340136,26.868240
0.500453515,26.868420
0.500566893,26.868599
0.500680272,26.868773
0.500793651,26.868948
0.500907029,26.869122
0.501020408,26.869293
0.501133787,26.869461
0.501247166,26.869631
0.501360544,26.869799
0.501473923,26.869967
0.501587302,26.870132
0.501700680,26.870298
0.501814059,26.870461
0.501927438,26.870623
0.502040816,26.870785
0.502154195,26.870947
0.502267574,26.871105
0.502380952,26.871262
0.502494331,26.871422
0.502607710,26.871576
0.502721088,26.871733
0.502834467,26.871885
0.502947846,26.872040
0.503061224,26.872194
0.503174603,26.872343
0.503287982,26.872494
0.503401361,26.872644
0.503514739,26.872793
0.503628118,26.872940
0.503741497,26.873087
0.503854875,26.873232
0.503968254,26.873377
0.504081633,26.873522
0.504195011,26.873667
0.504308390,26.873810
0.504421769,26.873953
0.504535147,26.874094
0.504648526,26.874237
0.504761905,26.874380
0.504875283,26.874523
0.504988662,26.874664
0.505102041,26.874807
0.505215420,26.874949
0.505328798,26.875092
0.505442177,26.875237
0.505555556,26.875380
0.505668934,26.875525
0.505782313,26.875669
0.505895692,26.875816
0.506009070,26.875963
0.506122449,26.876108
0.506235828,26.876259
0.506349206,26.876408
0.506462585,26.876560
0.506575964,26.876711
0.506689342,26.876863
0.506802721,26.877018
0.506916100,26.877172
0.507029478,26.877331
0.507142857,26.877487
0.507256236,26.877645
0.507369615,26.877808
0.507482993,26.877968
0.507596372,26.878132
0.507709751,26.878294
0.507823129,26.878460
0.507936508,26.878626
0.508049887,26.878796
0.508163265,26.878963
0.508276644,26.879135
0.508390023,26.879307
0.508503401,26.879480
0.508616780,26.879656
0.508730159,26.879829
0.508843537,26.880007
0.508956916,26.880184
0.509070295,26.880363
0.509183673,26.880545
0.509297052,26.880724
0.509410431,26.880907
0.509523810,26.881092
0.509637188,26.881275
0.509750567,26.881462
0.509863946,26.881649
0.509977324,26.881840
0.510090703,26.882029
0.510204082,26.882221
0.510317460,26.882414
0.510430839,26.882608
0.510544218,26.882801
0.510657596,26.882999
0.510770975,26.883198
0.510884354,26.883398
0.510997732,26.883596
0.511111111,26.883801
0.511224490,26.884003
0.511337868,26.884207
0.511451247,26.884413
0.511564626,26.884621
0.511678005,26.884829
0.511791383,26.885036
0.511904762,26.885246
0.512018141,26.885460
0.512131519,26.885672
0.512244898,26.885885
0.512358277,26.886099
0.512471655,26.886312
0.512585034,26.886528
0.512698413,26.886744
0.512811791,26.886959
0.512925170,26.887177
0.513038549,26.887392
0.513151927,26.887609
0.513265306,26.887825
0.513378685,26.888041
0.513492063,26.888256
0.513605442,26.888472
0.513718821,26.888685
0.513832200,26.888897
0.513945578,26.889109
0.514058957,26.889320
0.514172336,26.889528
0.514285714,26.889734
0.514399093,26.889940
0.514512472,26.890142
0.514625850,26.890343
0.514739229,26.890541
0.514852608,26.890738
0.514965986,26.890930
0.515079365,26.891121
0.515192744,26.891308
0.515306122,26.891493
0.515419501,26.891674
0.515532880,26.891851
0.515646259,26.892027
0.515759637,26.892199
0.515873016,26.892366
0.515986395,26.892530
0.516099773,26.892691
0.516213152,26.892849
0.516326531,26.893002
0.516439909,26.893152
0.516553288,26.893299
0.516666667,26.893440
0.516780045,26.893579
0.516893424,26.893715
0.517006803,26.893847
0.517120181,26.893974
0.517233560,26.894098
0.517346939,26.894218
0.517460317,26.894335
0.517573696,26.894445
0.517687075,26.894554
0.517800454,26.894659
0.517913832,26.894760
0.518027211,26.894857
0.518140590,26.894951
0.518253968,26.895039
0.518367347,26.895124
0.518480726,26.895206
0.518594104,26.895285
0.518707483,26.895357
0.518820862,26.895428
0.518934240,26.895493
0.519047619,26.895555
0.519160998,26.895611
0.519274376,26.895666
0.519387755,26.895714
0.519501134,26.895760
0.519614512,26.895802
0.519727891,26.895838
0.519841270,26.895870
0.519954649,26.895897
0.520068027,26.895922
0.520181406,26.895941
0.520294785,26.895954
0.520408163,26.895966
0.520521542,26.895969
0.520634921,26.895971
0.520748299,26.895969
0.520861678,26.895962
0.520975057,26.895948
0.521088435,26.895933
0.521201814,26.895914
0.521315193,26.895891
0.521428571,26.895863
0.521541950,26.895830
0.521655329,26.895796
0.521768707,26.895756
0.521882086,26.895714
0.521995465,26.895666
0.522108844,26.895618
0.522222222,26.895565
0.522335601,26.895510
0.522448980,26.895451
0.522562358,26.895390
0.522675737,26.895325
0.522789116,26.895260
0.522902494,26.895191
0.523015873,26.895119
0.523129252,26.895046
0.523242630,26.894970
0.523356009,26.894894
0.523469388,26.894815
0.523582766,26.894733
0.523696145,26.894650
0.523809524,26.894567
0.523922902,26.894482
0.524036281,26.894394
0.524149660,26.894306
0.524263039,26.894217
0.524376417,26.894125
0.524489796,26.894033
0.524603175,26.893940
0.524716553,26.893847
0.524829932,26.893751
0.524943311,26.893656
0.525056689,26.893559
0.525170068,26.893461
0.525283447,26.893362
0.525396825,26.893263
0.525510204,26.893164
0.525623583,26.893064
0.525736961,26.892963
0.525850340,26.892860
0.525963719,26.892759
0.526077098,26.892658
0.526190476,26.892555
0.526303855,26.892452
0.526417234,26.892349
0.526530612,26.892248
0.526643991,26.892145
0.526757370,26.892042
0.526870748,26.891941
0.526984127,26.891840
0.527097506,26.891741
0.527210884,26.891640
0.527324263,26.891542
0.527437642,26.891443
0.527551020,26.891348
0.527664399,26.891253
0.527777778,26.891159
0.527891156,26.891068
0.528004535,26.890980
0.528117914,26.890890
0.528231293,26.890804
0.528344671,26.890718
0.528458050,26.890638
0.528571429,26.890558
0.528684807,26.890480
0.528798186,26.890406
0.528911565,26.890333
0.529024943,26.890263
0.529138322,26.890196
0.529251701,26.890131
0.529365079,26.890068
0.529478458,26.890007
0.529591837,26.889950
0.529705215,26.889896
0.529818594,26.889843
0.529931973,26.889791
0.530045351,26.889744
0.530158730,26.889698
0.530272109,26.889654
0.530385488,26.889612
0.530498866,26.889572
0.530612245,26.889536
0.530725624,26.889500
0.530839002,26.889465
0.530952381,26.889433
0.531065760,26.889400
0.531179138,26.889372
0.531292517,26.889341
0.531405896,26.889313
0.531519274,26.889286
0.531632653,26.889259
0.531746032,26.889233
0.531859410,26.889208
0.531972789,26.889183
0.532086168,26.889158
0.532199546,26.889133
0.532312925,26.889109
0.532426304,26.889086
0.532539683,26.889061
0.532653061,26.889036
0.532766440,26.889013
0.532879819,26.888988
0.532993197,26.888964
0.533106576,26.888939
0.533219955,26.888912
0.533333333,26.888885
0.533446712,26.888859
0.533560091,26.888830
0.533673469,26.888803
0.533786848,26.888773
0.533900227,26.888746
0.534013605,26.888714
0.534126984,26.888683
0.534240363,26.888651
0.534353741,26.888617
0.534467120,26.888582
0.534580499,26.888546
0.534693878,26.888508
0.534807256,26.888470
0.534920635,26.888428
0.535034014,26.888386
0.535147392,26.888340
0.535260771,26.888292
0.535374150,26.888245
0.535487528,26.888191
0.535600907,26.888136
0.535714286,26.888077
0.535827664,26.888016
0.535941043,26.887953
0.536054422,26.887884
0.536167800,26.887814
0.536281179,26.887737
0.536394558,26.887657
0.536507937,26.887573
0.536621315,26.887484
0.536734694,26.887390
0.536848073,26.887291
0.536961451,26.887190
0.537074830,26.887079
0.537188209,26.886967
0.537301587,26.886847
0.537414966,26.886723
0.537528345,26.886591
0.537641723,26.886456
0.537755102,26.886314
0.537868481,26.886166
0.537981859,26.886013
0.538095238,26.885855
0.538208617,26.885689
0.538321995,26.885517
0.538435374,26.885342
0.538548753,26.885159
0.538662132,26.884970
0.538775510,26.884775
0.538888889,26.884575
0.539002268,26.884367
0.539115646,26.884155
0.539229025,26.883938
0.539342404,26.883713
0.539455782,26.883484
0.539569161,26.883249
0.539682540,26.883009
0.539795918,26.882761
0.539909297,26.882509
0.540022676,26.882250
0.540136054,26.881987
0.540249433,26.881720
0.540362812,26.881445
0.540476190,26.881166
0.540589569,26.880880
0.540702948,26.880592
0.540816327,26.880295
0.540929705,26.879993
0.541043084,26.879688
0.541156463,26.879377
0.541269841,26.879061
0.541383220,26.878740
0.541496599,26.878412
0.541609977,26.878082
0.541723356,26.877745
0.541836735,26.877403
0.541950113,26.877060
0.542063492,26.876709
0.542176871,26.876354
0.542290249,26.875994
0.542403628,26.875629
0.542517007,26.875263
0.542630385,26.874889
0.542743764,26.874514
0.542857143,26.874134
0.542970522,26.873751
0.543083900,26.873363
0.543197279,26.872972
0.543310658,26.872580
0.543424036,26.872183
0.543537415,26.871784
0.543650794,26.871382
0.543764172,26.870977
0.543877551,26.870571
0.543990930,26.870163
0.544104308,26.869753
0.544217687,26.869343
0.544331066,26.868933
0.544444444,26.868519
0.544557823,26.868105
0.544671202,26.867691
0.544784580,26.867279
0.544897959,26.866867
0.545011338,26.866453
0.545124717,26.866041
0.545238095,26.865629
0.545351474,26.865221
0.545464853,26.864811
0.545578231,26.864405
0.545691610,26.864000
0.545804989,26.863598
0.545918367,26.863197
0.546031746,26.862797
0.546145125,26.862402
0.546258503,26.862009
0.546371882,26.861618
0.546485261,26.861231
0.546598639,26.860846
0.546712018,26.860466
0.546825397,26.860086
0.546938776,26.859713
0.547052154,26.859343
0.547165533,26.858976
0.547278912,26.858614
0.547392290,26.858255
0.547505669,26.857901
0.547619048,26.857552
0.547732426,26.857206
0.547845805,26.856867
0.547959184,26.856531
0.548072562,26.856197
0.548185941,26.855873
0.548299320,26.855551
0.548412698,26.855236
0.548526077,26.854925
0.548639456,26.854620
0.548752834,26.854321
0.548866213,26.854027
0.548979592,26.853737
0.549092971,26.853456
0.549206349,26.853178
0.549319728,26.852909
0.549433107,26.852646
0.549546485,26.852386
0.549659864,26.852137
0.549773243,26.851892
0.549886621,26.851656
0.550000000,26.851423
0.550113379,26.851202
0.550226757,26.850986
0.550340136,26.850777
0.550453515,26.850578
0.550566893,26.850384
0.550680272,26.850199
0.550793651,26.850021
0.550907029,26.849852
0.551020408,26.849691
0.551133787,26.849537
0.551247166,26.849390
0.551360544,26.849255
0.551473923,26.849125
0.551587302,26.849003
0.551700680,26.848890
0.551814059,26.848785
0.551927438,26.848688
0.552040816,26.848600
0.552154195,26.848520
0.552267574,26.848448
0.552380952,26.848381
0.552494331,26.848324
0.552607710,26.848272
0.552721088,26.848228
0.552834467,26.848192
0.552947846,26.848162
0.553061224,26.848141
0.553174603,26.848125
0.553287982,26.848116
0.553401361,26.848114
0.553514739,26.848118
0.553628118,26.848129
0.553741497,26.848145
0.553854875,26.848167
0.553968254,26.848196
0.554081633,26.848232
0.554195011,26.848272
0.554308390,26.848320
0.554421769,26.848372
0.554535147,26.848429
0.554648526,26.848494
0.554761905,26.848564
0.554875283,26.848639
0.554988662,26.848719
0.555102041,26.848806
0.555215420,26.848898
0.555328798,26.848995
0.555442177,26.849096
0.555555556,26.849205
0.555668934,26.849318
0.555782313,26.849436
0.555895692,26.849560
0.556009070,26.849691
0.556122449,26.849825
0.556235828,26.849962
0.556349206,26.850107
0.556462585,26.850258
0.556575964,26.850412
0.556689342,26.850571
0.556802721,26.850733
0.556916100,26.850903
0.557029478,26.851074
0.557142857,26.851252
0.557256236,26.851431
0.557369615,26.851616
0.557482993,26.851807
0.557596372,26.851997
0.557709751,26.852192
0.557823129,26.852392
0.557936508,26.852594
0.558049887,26.852798
0.558163265,26.853006
0.558276644,26.853218
0.558390023,26.853430
0.558503401,26.853645
0.558616780,26.853861
0.558730159,26.854080
0.558843537,26.854301
0.558956916,26.854523
0.559070295,26.854746
0.559183673,26.854971
0.559297052,26.855196
0.559410431,26.855423
0.559523810,26.855650
0.559637188,26.855881
0.559750567,26.856108
0.559863946,26.856340
0.559977324,26.856569
0.560090703,26.856800
0.560204082,26.857033
0.560317460,26.857264
0.560430839,26.857494
0.560544218,26.857729
0.560657596,26.857962
0.560770975,26.858194
0.560884354,26.858427
0.560997732,26.858664
0.561111111,26.858896
0.561224490,26.859131
0.561337868,26.859365
0.561451247,26.859602
0.561564626,26.859838
0.561678005,26.860073
0.561791383,26.860308
0.561904762,26.860544
0.562018141,26.860779
0.562131519,26.861017
0.562244898,26.861252
0.562358277,26.861488
0.562471655,26.861723
0.562585034,26.861958
0.562698413,26.862194
0.562811791,26.862427
0.562925170,26.862659
0.563038549,26.862892
0.563151927,26.863125
0.563265306,26.863356
0.563378685,26.863585
0.563492063,26.863813
0.563605442,26.864040
0.563718821,26.864265
0.563832200,26.864491
0.563945578,26.864712
0.564058957,26.864933
0.564172336,26.865152
0.564285714,26.865370
0.564399093,26.865585
0.564512472,26.865799
0.564625850,26.866011
0.564739229,26.866220
0.564852608,26.866426
0.564965986,26.866631
0.565079365,26.866835
0.565192744,26.867035
0.565306122,26.867231
0.565419501,26.867428
0.565532880,26.867620
0.565646259,26.867813
0.565759637,26.868002
0.565873016,26.868191
0.565986395,26.868376
0.566099773,26.868559
0.566213152,26.868742
0.566326531,26.868921
0.566439909,26.869099
0.566553288,26.869274
0.566666667,26.869452
0.566780045,26.869625
0.566893424,26.869797
0.567006803,26.869968
0.567120181,26.870138
0.567233560,26.870308
0.567346939,26.870476
0.567460317,26.870644
0.567573696,26.870810
0.567687075,26.870975
0.567800454,26.871141
0.567913832,26.871307
0.568027211,26.871471
0.568140590,26.871637
0.568253968,26.871801
0.568367347,26.871964
0.568480726,26.872128
0.568594104,26.872292
0.568707483,26.872458
0.568820862,26.872622
0.568934240,26.872786
0.569047619,26.872950
0.569160998,26.873114
0.569274376,26.873278
0.569387755,26.873444
0.569501134,26.873610
0.569614512,26.873774
0.569727891,26.873940
0.569841270,26.874104
0.569954649,26.874269
0.570068027,26.874435
0.570181406,26.874603
0.570294785,26.874769
0.570408163,26.874937
0.570521542,26.875103
0.570634921,26.875273
0.570748299,26.875441
0.570861678,26.875608
0.570975057,26.875778
0.571088435,26.875948
0.571201814,26.876120
0.571315193,26.876291
0.571428571,26.876463
0.571541950,26.876635
0.571655329,26.876808
0.571768707,26.876984
0.571882086,26.877159
0.571995465,26.877333
0.572108844,26.877512
0.572222222,26.877689
0.572335601,26.877869
0.572448980,26.878050
0.572562358,26.878231
0.572675737,26.878414
0.572789116,26.878599
0.572902494,26.878784
0.573015873,26.878971
0.573129252,26.879160
0.573242630,26.879351
0.573356009,26.879543
0.573469388,26.879736
0.573582766,26.879932
0.573696145,26.880129
0.573809524,26.880327
0.573922902,26.880524
0.574036281,26.880726
0.574149660,26.880928
0.574263039,26.881130
0.574376417,26.881336
0.574489796,26.881540
0.574603175,26.881746
0.574716553,26.881954
0.574829932,26.882162
0.574943311,26.882370
0.575056689,26.882582
0.575170068,26.882790
0.575283447,26.882999
0.575396825,26.883209
0.575510204,26.883421
0.575623583,26.883629
0.575736961,26.883839
0.575850340,26.884047
0.575963719,26.884256
0.576077098,26.884462
0.576190476,26.884670
0.576303855,26.884874
0.576417234,26.885078
0.576530612,26.885283
0.576643991,26.885487
0.576757370,26.885687
0.576870748,26.885887
0.576984127,26.886086
0.577097506,26.886282
0.577210884,26.886478
0.577324263,26.886673
0.577437642,26.886866
0.577551020,26.887056
0.577664399,26.887245
0.577777778,26.887434
0.577891156,26.887621
0.578004535,26.887806
0.578117914,26.887989
0.578231293,26.888170
0.578344671,26.888350
0.578458050,26.888529
0.578571429,26.888704
0.578684807,26.888882
0.578798186,26.889055
0.578911565,26.889227
0.579024943,26.889397
0.579138322,26.889565
0.579251701,26.889730
0.579365079,26.889894
0.579478458,26.890057
0.579591837,26.890217
0.579705215,26.890375
0.579818594,26.890530
0.579931973,26.890684
0.580045351,26.890835
0.580158730,26.890982
0.580272109,26.891127
0.580385488,26.891270
0.580498866,26.891409
0.580612245,26.891546
0.580725624,26.891678
0.580839002,26.891808
0.580952381,26.891933
0.581065760,26.892056
0.581179138,26.892174
0.581292517,26.892288
0.581405896,26.892397
0.581519274,26.892504
0.581632653,26.892607
0.581746032,26.892704
0.581859410,26.892796
0.581972789,26.892883
0.582086168,26.892969
0.582199546,26.893045
0.582312925,26.893120
0.582426304,26.893190
0.582539683,26.893255
0.582653061,26.893316
0.582766440,26.893372
0.582879819,26.893423
0.582993197,26.893471
0.583106576,26.893513
0.583219955,26.893549
0.583333333,26.893583
0.583446712,26.893612
0.583560091,26.893637
0.583673469,26.893658
0.583786848,26.893673
0.583900227,26.893686
0.584013605,26.893692
0.584126984,26.893696
0.584240363,26.893696
0.584353741,26.893690
0.584467120,26.893682
0.584580499,26.893669
0.584693878,26.893652
0.584807256,26.893631
0.584920635,26.893606
0.585034014,26.893578
0.585147392,26.893545
0.585260771,26.893505
0.585374150,26.893465
0.585487528,26.893419
0.585600907,26.893368
0.585714286,26.893312
0.585827664,26.893253
0.585941043,26.893188
0.586054422,26.893120
0.586167800,26.893047
0.586281179,26.892971
0.586394558,26.892887
0.586507937,26.892801
0.586621315,26.892708
0.586734694,26.892611
0.586848073,26.892509
0.586961451,26.892403
0.587074830,26.892294
0.587188209,26.892178
0.587301587,26.892057
0.587414966,26.891932
0.587528345,26.891802
0.587641723,26.891668
0.587755102,26.891531
0.587868481,26.891388
0.587981859,26.891239
0.588095238,26.891088
0.588208617,26.890932
0.588321995,26.890772
0.588435374,26.890610
0.588548753,26.890442
0.588662132,26.890272
0.588775510,26.890099
0.588888889,26.889921
0.589002268,26.889740
0.589115646,26.889559
0.589229025,26.889372
0.589342404,26.889183
0.589455782,26.888994
0.589569161,26.888802
0.589682540,26.888605
0.589795918,26.888411
0.589909297,26.888210
0.590022676,26.888010
0.590136054,26.887808
0.590249433,26.887604
0.590362812,26.887398
0.590476190,26.887190
0.590589569,26.886982
0.590702948,26.886772
0.590816327,26.886560
0.590929705,26.886349
0.591043084,26.886133
0.591156463,26.885918
0.591269841,26.885702
0.591383220,26.885485
0.591496599,26.885267
0.591609977,26.885046
0.591723356,26.884825
0.591836735,26.884602
0.591950113,26.884380
0.592063492,26.884153
0.592176871,26.883928
0.592290249,26.883701
0.592403628,26.883472
0.592517007,26.883245
0.592630385,26.883015
0.592743764,26.882784
0.592857143,26.882551
0.592970522,26.882318
0.593083900,26.882084
0.593197279,26.881849
0.593310658,26.881613
0.593424036,26.881376
0.593537415,26.881140
0.593650794,26.880901
0.593764172,26.880665
0.593877551,26.880424
0.593990930,26.880186
0.594104308,26.879946
0.594217687,26.879707
0.594331066,26.879469
0.594444444,26.879230
0.594557823,26.878992
0.594671202,26.878754
0.594784580,26.878515
0.594897959,26.878279
0.595011338,26.878042
0.595124717,26.877808
0.595238095,26.877571
0.595351474,26.877337
0.595464853,26.877104
0.595578231,26.876873
0.595691610,26.876640
0.595804989,26.876410
0.595918367,26.876179
0.596031746,26.875952
0.596145125,26.875723
0.596258503,26.875498
0.596371882,26.875271
0.596485261,26.875048
0.596598639,26.874823
0.596712018,26.874598
0.596825397,26.874376
0.596938776,26.874153
0.597052154,26.873930
0.597165533,26.873709
0.597278912,26.873487
0.597392290,26.873266
0.597505669,26.873045
0.597619048,26.872824
0.597732426,26.872604
0.597845805,26.872381
0.597959184,26.872160
0.598072562,26.871939
0.598185941,26.871717
0.598299320,26.871494
0.598412698,26.871271
0.598526077,26.871048
0.598639456,26.870827
0.598752834,26.870602
0.598866213,26.870377
0.598979592,26.870152
0.599092971,26.869926
0.599206349,26.869701
0.599319728,26.869474
0.599433107,26.869246
0.599546485,26.869019
0.599659864,26.868790
0.599773243,26.868561
0.599886621,26.868332
0.600000000,26.868101
0.600113379,26.867870
0.600226757,26.867640
0.600340136,26.867407
0.600453515,26.867174
0.600566893,26.866941
0.600680272,26.866707
0.600793651,26.866472
0.600907029,26.866236
0.601020408,26.865999
0.601133787,26.865761
0.601247166,26.865522
0.601360544,26.865282
0.601473923,26.865040
0.601587302,26.864798
0.601700680,26.864553
0.601814059,26.864305
0.601927438,26.864059
0.602040816,26.863810
0.602154195,26.863560
0.602267574,26.863304
0.602380952,26.863049
0.602494331,26.862791
0.602607710,26.862530
0.602721088,26.862265
0.602834467,26.862000
0.602947846,26.861729
0.603061224,26.861456
0.603174603,26.861179
0.603287982,26.860899
0.603401361,26.860617
0.603514739,26.860331
0.603628118,26.860039
0.603741497,26.859745
0.603854875,26.859447
0.603968254,26.859144
0.604081633,26.858837
0.604195011,26.858526
0.604308390,26.858212
0.604421769,26.857893
0.604535147,26.857569
0.604648526,26.857241
0.604761905,26.856909
0.604875283,26.856573
0.604988662,26.856232
0.605102041,26.855886
0.605215420,26.855537
0.605328798,26.855185
0.605442177,26.854826
0.605555556,26.854464
0.605668934,26.854097
0.605782313,26.853725
0.605895692,26.853354
0.606009070,26.852976
0.606122449,26.852594
0.606235828,26.852209
0.606349206,26.851818
0.606462585,26.851425
0.606575964,26.851028
0.606689342,26.850630
0.606802721,26.850225
0.606916100,26.849817
0.607029478,26.849407
0.607142857,26.848993
0.607256236,26.848576
0.607369615,26.848156
0.607482993,26.847731
0.607596372,26.847303
0.607709751,26.846872
0.607823129,26.846437
0.607936508,26.846001
0.608049887,26.845558
0.608163265,26.845114
0.608276644,26.844664
0.608390023,26.844212
0.608503401,26.843758
0.608616780,26.843298
0.608730159,26.842834
0.608843537,26.842371
0.608956916,26.841900
0.609070295,26.841429
0.609183673,26.840952
0.609297052,26.840473
0.609410431,26.839991
0.609523810,26.839504
0.609637188,26.839016
0.609750567,26.838524
0.609863946,26.838028
0.609977324,26.837532
0.610090703,26.837029
0.610204082,26.836527
0.610317460,26.836021
0.610430839,26.835514
0.610544218,26.835003
0.610657596,26.834488
0.610770975,26.833975
0.610884354,26.833456
0.610997732,26.832939
0.611111111,26.832418
0.611224490,26.831896
0.611337868,26.831371
0.611451247,26.830847
0.611564626,26.830322
0.611678005,26.829794
0.611791383,26.829266
0.611904762,26.828737
0.612018141,26.828209
0.612131519,26.827679
0.612244898,26.827147
0.612358277,26.826618
0.612471655,26.826088
0.612585034,26.825556
0.612698413,26.825026
0.612811791,26.824493
0.612925170,26.823963
0.613038549,26.823433
0.613151927,26.822903
0.613265306,26.822372
0.613378685,26.821844
0.613492063,26.821316
0.613605442,26.820787
0.613718821,26.820259
0.613832200,26.819733
0.613945578,26.819206
0.614058957,26.818678
0.614172336,26.818151
0.614285714,26.817627
0.614399093,26.817102
0.614512472,26.816580
0.614625850,26.816057
0.614739229,26.815535
0.614852608,26.815012
0.614965986,26.814491
0.615079365,26.813972
0.615192744,26.813454
0.615306122,26.812937
0.615419501,26.812418
0.615532880,26.811903
0.615646259,26.811388
0.615759637,26.810877
0.615873016,26.810364
0.615986395,26.809853
0.616099773,26.809345
0.616213152,26.808838
0.616326531,26.808331
0.616439909,26.807825
0.616553288,26.807323
0.616666667,26.806822
0.616780045,26.806322
0.616893424,26.805822
0.617006803,26.805326
0.617120181,26.804834
0.617233560,26.804340
0.617346939,26.803850
0.617460317,26.803360
0.617573696,26.802872
0.617687075,26.802387
0.617800454,26.801903
0.617913832,26.801420
0.618027211,26.800940
0.618140590,26.800459
0.618253968,26.799982
0.618367347,26.799505
0.618480726,26.799028
0.618594104,26.798553
0.618707483,26.798079
0.618820862,26.797606
0.618934240,26.797132
0.619047619,26.796658
0.619160998,26.796185
0.619274376,26.795712
0.619387755,26.795238
0.619501134,26.794764
0.619614512,26.794289
0.619727891,26.793814
0.619841270,26.793337
0.619954649,26.792858
0.620068027,26.792377
0.620181406,26.791895
0.620294785,26.791412
0.620408163,26.790926
0.620521542,26.790438
0.620634921,26.789948
0.620748299,26.789454
0.620861678,26.788958
0.620975057,26.788458
0.621088435,26.787956
0.621201814,26.787451
0.621315193,26.786942
0.621428571,26.786430
0.621541950,26.785913
0.621655329,26.785395
0.621768707,26.784872
0.621882086,26.784346
0.621995465,26.783813
0.622108844,26.783278
0.622222222,26.782740
0.622335601,26.782194
0.622448980,26.781645
0.622562358,26.781092
0.622675737,26.780535
0.622789116,26.779972
0.622902494,26.779406
0.623015873,26.778833
0.623129252,26.778255
0.623242630,26.777672
0.623356009,26.777082
0.623469388,26.776489
0.623582766,26.775888
0.623696145,26.775284
0.623809524,26.774673
0.623922902,26.774057
0.624036281,26.773436
0.624149660,26.772806
0.624263039,26.772171
0.624376417,26.771530
0.624489796,26.770882
0.624603175,26.770227
0.624716553,26.769567
0.624829932,26.768900
0.624943311,26.768225
0.625056689,26.767542
0.625170068,26.766853
0.625283447,26.766157
0.625396825,26.765453
0.625510204,26.764744
0.625623583,26.764027
0.625736961,26.763302
0.625850340,26.762569
0.625963719,26.761827
0.626077098,26.761082
0.626190476,26.760326
0.626303855,26.759563
0.626417234,26.758795
0.626530612,26.758017
0.626643991,26.757231
0.626757370,26.756439
0.626870748,26.755640
0.626984127,26.754833
0.627097506,26.754021
0.627210884,26.753199
0.627324263,26.752373
0.627437642,26.751537
0.627551020,26.750696
0.627664399,26.749851
0.627777778,26.748997
0.627891156,26.748137
0.628004535,26.747271
0.628117914,26.746401
0.628231293,26.745523
0.628344671,26.744640
0.628458050,26.743753
0.628571429,26.742859
0.628684807,26.741962
0.628798186,26.741058
0.628911565,26.740152
0.629024943,26.739241
0.629138322,26.738323
0.629251701,26.737404
0.629365079,26.736479
0.629478458,26.735550
0.629591837,26.734619
0.629705215,26.733683
0.629818594,26.732742
0.629931973,26.731798
0.630045351,26.730852
0.630158730,26.729902
0.630272109,26.728949
0.630385488,26.727993
0.630498866,26.727034
0.630612245,26.726072
0.630725624,26.725107
0.630839002,26.724140
0.630952381,26.723173
0.631065760,26.722200
0.631179138,26.721228
0.631292517,26.720253
0.631405896,26.719276
0.631519274,26.718298
0.631632653,26.717319
0.631746032,26.716339
0.631859410,26.715359
0.631972789,26.714376
0.632086168,26.713392
0.632199546,26.712408
0.632312925,26.711426
0.632426304,26.710442
0.632539683,26.709459
0.632653061,26.708477
0.632766440,26.707495
0.632879819,26.706514
0.632993197,26.705534
0.633106576,26.704557
0.633219955,26.703581
0.633333333,26.702604
0.633446712,26.701632
0.633560091,26.700661
0.633673469,26.699694
0.633786848,26.698727
0.633900227,26.697763
0.634013605,26.696804
0.634126984,26.695847
0.634240363,26.694895
0.634353741,26.693943
0.634467120,26.692999
0.634580499,26.692057
0.634693878,26.691118
0.634807256,26.690184
0.634920635,26.689255
0.635034014,26.688328
0.635147392,26.687408
0.635260771,26.686491
0.635374150,26.685579
0.635487528,26.684671
0.635600907,26.683767
0.635714286,26.682871
0.635827664,26.681976
0.635941043,26.681089
0.636054422,26.680206
0.636167800,26.679329
0.636281179,26.678455
0.636394558,26.677586
0.636507937,26.676723
0.636621315,26.675867
0.636734694,26.675013
0.636848073,26.674168
0.636961451,26.673325
0.637074830,26.672489
0.637188209,26.671656
0.637301587,26.670832
0.637414966,26.670012
0.637528345,26.669197
0.637641723,26.668388
0.637755102,26.667583
0.637868481,26.666784
0.637981859,26.665993
0.638095238,26.665207
0.638208617,26.664427
0.638321995,26.663652
0.638435374,26.662884
0.638548753,26.662121
0.638662132,26.661362
0.638775510,26.660612
0.638888889,26.659866
0.639002268,26.659128
0.639115646,26.658394
0.639229025,26.657667
0.639342404,26.656946
0.639455782,26.656229
0.639569161,26.655521
0.639682540,26.654818
0.639795918,26.654119
0.639909297,26.653429
0.640022676,26.652744
0.640136054,26.652063
0.640249433,26.651388
0.640362812,26.650721
0.640476190,26.650059
0.640589569,26.649401
0.640702948,26.648748
0.640816327,26.648102
0.640929705,26.647461
0.641043084,26.646824
0.641156463,26.646193
0.641269841,26.645567
0.641383220,26.644945
0.641496599,26.644327
0.641609977,26.643713
0.641723356,26.643106
0.641836735,26.642502
0.641950113,26.641901
0.642063492,26.641304
0.642176871,26.640709
0.642290249,26.640121
0.642403628,26.639534
0.642517007,26.638952
0.642630385,26.638372
0.642743764,26.637796
0.642857143,26.637222
0.642970522,26.636652
0.643083900,26.636084
0.643197279,26.635517
0.643310658,26.634954
0.643424036,26.634394
0.643537415,26.633835
0.643650794,26.633278
0.643764172,26.632725
0.643877551,26.632172
0.643990930,26.631622
0.644104308,26.631075
0.644217687,26.630531
0.644331066,26.629986
0.644444444,26.629446
0.644557823,26.628904
0.644671202,26.628368
0.644784580,26.627831
0.644897959,26.627298
0.645011338,26.626764
0.645124717,26.626232
0.645238095,26.625704
0.645351474,26.625174
0.645464853,26.624647
0.645578231,26.624121
0.645691610,26.623596
0.645804989,26.623074
0.645918367,26.622549
0.646031746,26.622028
0.646145125,26.621508
0.646258503,26.620987
0.646371882,26.620464
0.646485261,26.619946
0.646598639,26.619427
0.646712018,26.618906
0.646825397,26.618385
0.646938776,26.617867
0.647052154,26.617344
0.647165533,26.616823
0.647278912,26.616302
0.647392290,26.615780
0.647505669,26.615255
0.647619048,26.614729
0.647732426,26.614201
0.647845805,26.613672
0.647959184,26.613144
0.648072562,26.612614
0.648185941,26.612080
0.648299320,26.611544
0.648412698,26.611008
0.648526077,26.610468
0.648639456,26.609926
0.648752834,26.609383
0.648866213,26.608837
0.648979592,26.608290
0.649092971,26.607738
0.649206349,26.607187
0.649319728,26.606632
0.649433107,26.606075
0.649546485,26.605516
0.649659864,26.604956
0.649773243,26.604391
0.649886621,26.603827
0.650000000,26.603260
0.650113379,26.602692
0.650226757,26.602121
0.650340136,26.601549
0.650453515,26.600975
0.650566893,26.600399
0.650680272,26.599821
0.650793651,26.599241
0.650907029,26.598661
0.651020408,26.598080
0.651133787,26.597498
0.651247166,26.596912
0.651360544,26.596327
0.651473923,26.595739
0.651587302,26.595152
0.651700680,26.594561
0.651814059,26.593969
0.651927438,26.593378
0.652040816,26.592781
0.652154195,26.592186
0.652267574,26.591591
0.652380952,26.590992
0.652494331,26.590393
0.652607710,26.589792
0.652721088,26.589191
0.652834467,26.588587
0.652947846,26.587982
0.653061224,26.587378
0.653174603,26.586771
0.653287982,26.586163
0.653401361,26.585554
0.653514739,26.584944
0.653628118,26.584333
0.653741497,26.583721
0.653854875,26.583109
0.653968254,26.582493
0.654081633,26.581879
0.654195011,26.581263
0.654308390,26.580648
0.654421769,26.580032
0.654535147,26.579416
0.654648526,26.578800
0.654761905,26.578184
0.654875283,26.577568
0.654988662,26.576952
0.655102041,26.576336
0.655215420,26.575722
0.655328798,26.575108
0.655442177,26.574495
0.655555556,26.573881
0.655668934,26.573271
0.655782313,26.572659
0.655895692,26.572052
0.656009070,26.571442
0.656122449,26.570835
0.656235828,26.570230
0.656349206,26.569628
0.656462585,26.569025
0.656575964,26.568426
0.656689342,26.567827
0.656802721,26.567230
0.656916100,26.566633
0.657029478,26.566042
0.657142857,26.565451
0.657256236,26.564859
0.657369615,26.564274
0.657482993,26.563686
0.657596372,26.563103
0.657709751,26.562521
0.657823129,26.561939
0.657936508,26.561359
0.658049887,26.560783
0.658163265,26.560205
0.658276644,26.559631
0.658390023,26.559059
0.658503401,26.558487
0.658616780,26.557917
0.658730159,26.557346
0.658843537,26.556776
0.658956916,26.556208
0.659070295,26.555641
0.659183673,26.555075
0.659297052,26.554510
0.659410431,26.553944
0.659523810,26.553381
0.659637188,26.552816
0.659750567,26.552254
0.659863946,26.551691
0.659977324,26.551130
0.660090703,26.550570
0.660204082,26.550007
0.660317460,26.549448
0.660430839,26.548887
0.660544218,26.548328
0.660657596,26.547770
0.660770975,26.547211
0.660884354,26.546652
0.660997732,26.546097
0.661111111,26.545538
0.661224490,26.544981
0.661337868,26.544422
0.661451247,26.543865
0.661564626,26.543310
0.661678005,26.542753
0.661791383,26.542196
0.661904762,26.541639
0.662018141,26.541082
0.662131519,26.540525
0.662244898,26.539968
0.662358277,26.539410
0.662471655,26.538851
0.662585034,26.538292
0.662698413,26.537731
0.662811791,26.537170
0.662925170,26.536608
0.663038549,26.536043
0.663151927,26.535477
0.663265306,26.534910
0.663378685,26.534340
0.663492063,26.533768
0.663605442,26.533194
0.663718821,26.532618
0.663832200,26.532040
0.663945578,26.531458
0.664058957,26.530872
0.664172336,26.530285
0.664285714,26.529694
0.664399093,26.529100
0.664512472,26.528502
0.664625850,26.527901
0.664739229,26.527294
0.664852608,26.526688
0.664965986,26.526073
0.665079365,26.525457
0.665192744,26.524836
0.665306122,26.524210
0.665419501,26.523581
0.665532880,26.522947
0.665646259,26.522308
0.665759637,26.521666
0.665873016,26.521017
0.665986395,26.520365
0.666099773,26.519709
0.666213152,26.519047
0.666326531,26.518383
0.666439909,26.517712
0.666553288,26.517036
0.666666667,26.516356
0.666780045,26.515673
0.666893424,26.514982
0.667006803,26.514288
0.667120181,26.513590
0.667233560,26.512886
0.667346939,26.512177
0.667460317,26.511463
0.667573696,26.510744
0.667687075,26.510019
0.667800454,26.509293
0.667913832,26.508558
0.668027211,26.507818
0.668140590,26.507074
0.668253968,26.506325
0.668367347,26.505571
0.668480726,26.504810
0.668594104,26.504044
0.668707483,26.503273
0.668820862,26.502497
0.668934240,26.501715
0.669047619,26.500925
0.669160998,26.500132
0.669274376,26.499332
0.669387755,26.498528
0.669501134,26.497715
0.669614512,26.496897
0.669727891,26.496075
0.669841270,26.495245
0.669954649,26.494410
0.670068027,26.493568
0.670181406,26.492722
0.670294785,26.491867
0.670408163,26.491009
0.670521542,26.490145
0.670634921,26.489271
0.670748299,26.488396
0.670861678,26.487514
0.670975057,26.486626
0.671088435,26.485731
0.671201814,26.484829
0.671315193,26.483925
0.671428571,26.483015
0.671541950,26.482098
0.671655329,26.481178
0.671768707,26.480251
0.671882086,26.479321
0.671995465,26.478386
0.672108844,26.477446
0.672222222,26.476503
0.672335601,26.475554
0.672448980,26.474602
0.672562358,26.473646
0.672675737,26.472685
0.672789116,26.471722
0.672902494,26.470753
0.673015873,26.469784
0.673129252,26.468809
0.673242630,26.467833
0.673356009,26.466854
0.673469388,26.465872
0.673582766,26.464886
0.673696145,26.463898
0.673809524,26.462908
0.673922902,26.461916
0.674036281,26.460920
0.674149660,26.459925
0.674263039,26.458923
0.674376417,26.457924
0.674489796,26.456921
0.674603175,26.455915
0.674716553,26.454908
0.674829932,26.453901
0.674943311,26.452890
0.675056689,26.451880
0.675170068,26.450865
0.675283447,26.449852
0.675396825,26.448837
0.675510204,26.447819
0.675623583,26.446802
0.675736961,26.445784
0.675850340,26.444765
0.675963719,26.443745
0.676077098,26.442724
0.676190476,26.441702
0.676303855,26.440680
0.676417234,26.439659
0.676530612,26.438635
0.676643991,26.437613
0.676757370,26.436590
0.676870748,26.435568
0.676984127,26.434547
0.677097506,26.433523
0.677210884,26.432505
0.677324263,26.431482
0.677437642,26.430464
0.677551020,26.429445
0.677664399,26.428429
0.677777778,26.427414
0.677891156,26.426399
0.678004535,26.425386
0.678117914,26.424377
0.678231293,26.423370
0.678344671,26.422363
0.678458050,26.421360
0.678571429,26.420359
0.678684807,26.419361
0.678798186,26.418364
0.678911565,26.417372
0.679024943,26.416380
0.679138322,26.415392
0.679251701,26.414408
0.679365079,26.413425
0.679478458,26.412447
0.679591837,26.411470
0.679705215,26.410496
0.679818594,26.409527
0.679931973,26.408558
0.680045351,26.407593
0.680158730,26.406631
0.680272109,26.405672
0.680385488,26.404715
0.680498866,26.403761
0.680612245,26.402809
0.680725624,26.401859
0.680839002,26.400913
0.680952381,26.399967
0.681065760,26.399025
0.681179138,26.398085
0.681292517,26.397146
0.681405896,26.396210
0.681519274,26.395275
0.681632653,26.394341
0.681746032,26.393410
0.681859410,26.392477
0.681972789,26.391550
0.682086168,26.390623
0.682199546,26.389694
0.682312925,26.388769
0.682426304,26.387844
0.682539683,26.386921
0.682653061,26.385998
0.682766440,26.385077
0.682879819,26.384155
0.682993197,26.383236
0.683106576,26.382315
0.683219955,26.381393
0.683333333,26.380476
0.683446712,26.379557
0.683560091,26.378635
0.683673469,26.377718
0.683786848,26.376799
0.683900227,26.375877
0.684013605,26.374958
0.684126984,26.374037
0.684240363,26.373116
0.684353741,26.372196
0.684467120,26.371271
0.684580499,26.370350
0.684693878,26.369423
0.684807256,26.368498
0.684920635,26.367573
0.685034014,26.366642
0.685147392,26.365711
0.685260771,26.364779
0.685374150,26.363844
0.685487528,26.362907
0.685600907,26.361967
0.685714286,26.361025
0.685827664,26.360081
0.685941043,26.359133
0.686054422,26.358181
0.686167800,26.357227
0.686281179,26.356268
0.686394558,26.355307
0.686507937,26.354340
0.686621315,26.353371
0.686734694,26.352394
0.686848073,26.351416
0.686961451,26.350433
0.687074830,26.349445
0.687188209,26.348454
0.687301587,26.347454
0.687414966,26.346453
0.687528345,26.345446
0.687641723,26.344433
0.687755102,26.343416
0.687868481,26.342394
0.687981859,26.341366
0.688095238,26.340334
0.688208617,26.339296
0.688321995,26.338255
0.688435374,26.337206
0.688548753,26.336153
0.688662132,26.335096
0.688775510,26.334036
0.688888889,26.332968
0.689002268,26.331896
0.689115646,26.330818
0.689229025,26.329737
0.689342404,26.328650
0.689455782,26.327560
0.689569161,26.326462
0.689682540,26.325361
0.689795918,26.324257
0.689909297,26.323147
0.690022676,26.322033
0.690136054,26.320915
0.690249433,26.319790
0.690362812,26.318661
0.690476190,26.317532
0.690589569,26.316393
0.690702948,26.315254
0.690816327,26.314106
0.690929705,26.312958
0.691043084,26.311804
0.691156463,26.310646
0.691269841,26.309484
0.691383220,26.308317
0.691496599,26.307146
0.691609977,26.305971
0.691723356,26.304794
0.691836735,26.303612
0.691950113,26.302423
0.692063492,26.301233
0.692176871,26.300039
0.692290249,26.298841
0.692403628,26.297640
0.692517007,26.296434
0.692630385,26.295225
0.692743764,26.294014
0.692857143,26.292799
0.692970522,26.291580
0.693083900,26.290359
0.693197279,26.289135
0.693310658,26.287909
0.693424036,26.286682
0.693537415,26.285450
0.693650794,26.284216
0.693764172,26.282982
0.693877551,26.281744
0.693990930,26.280506
0.694104308,26.279266
0.694217687,26.278025
0.694331066,26.276783
0.694444444,26.275541
0.694557823,26.274300
0.694671202,26.273056
0.694784580,26.271812
0.694897959,26.270569
0.695011338,26.269327
0.695124717,26.268084
0.695238095,26.266842
0.695351474,26.265600
0.695464853,26.264360
0.695578231,26.263123
0.695691610,26.261883
0.695804989,26.260649
0.695918367,26.259413
0.696031746,26.258181
0.696145125,26.256948
0.696258503,26.255718
0.696371882,26.254492
0.696485261,26.253267
0.696598639,26.252045
0.696712018,26.250822
0.696825397,26.249605
0.696938776,26.248390
0.697052154,26.247175
0.697165533,26.245966
0.697278912,26.244759
0.697392290,26.243553
0.697505669,26.242352
0.697619048,26.241154
0.697732426,26.239956
0.697845805,26.238764
0.697959184,26.237576
0.698072562,26.236387
0.698185941,26.235205
0.698299320,26.234028
0.698412698,26.232853
0.698526077,26.231680
0.698639456,26.230515
0.698752834,26.229351
0.698866213,26.228193
0.698979592,26.227037
0.699092971,26.225887
0.699206349,26.224743
0.699319728,26.223602
0.699433107,26.222467
0.699546485,26.221336
0.699659864,26.220211
0.699773243,26.219090
0.699886621,26.217976
0.700000000,26.216867
0.700113379,26.215765
0.700226757,26.214668
0.700340136,26.213575
0.700453515,26.212490
0.700566893,26.211411
0.700680272,26.210339
0.700793651,26.209272
0.700907029,26.208214
0.701020408,26.207161
0.701133787,26.206114
0.701247166,26.205074
0.701360544,26.204041
0.701473923,26.203012
0.701587302,26.201992
0.701700680,26.200977
0.701814059,26.199968
0.701927438,26.198967
0.702040816,26.197973
0.702154195,26.196983
0.702267574,26.196001
0.702380952,26.195024
0.702494331,26.194052
0.702607710,26.193085
0.702721088,26.192125
0.702834467,26.191172
0.702947846,26.190224
0.703061224,26.189280
0.703174603,26.188339
0.703287982,26.187407
0.703401361,26.186480
0.703514739,26.185555
0.703628118,26.184637
0.703741497,26.183723
0.703854875,26.182814
0.703968254,26.181910
0.704081633,26.181011
0.704195011,26.180115
0.704308390,26.179222
0.704421769,26.178335
0.704535147,26.177452
0.704648526,26.176575
0.704761905,26.175699
0.704875283,26.174828
0.704988662,26.173962
0.705102041,26.173098
0.705215420,26.172235
0.705328798,26.171381
0.705442177,26.170528
0.705555556,26.169678
0.705668934,26.168833
0.705782313,26.167990
0.705895692,26.167150
0.706009070,26.166315
0.706122449,26.165483
0.706235828,26.164654
0.706349206,26.163828
0.706462585,26.163004
0.706575964,26.162184
0.706689342,26.161366
0.706802721,26.160551
0.706916100,26.159737
0.707029478,26.158926
0.707142857,26.158117
0.707256236,26.157312
0.707369615,26.156506
0.707482993,26.155704
0.707596372,26.154902
0.707709751,26.154100
0.707823129,26.153301
0.707936508,26.152504
0.708049887,26.151705
0.708163265,26.150909
0.708276644,26.150114
0.708390023,26.149317
0.708503401,26.148521
0.708616780,26.147724
0.708730159,26.146929
0.708843537,26.146133
0.708956916,26.145336
0.709070295,26.144539
0.709183673,26.143740
0.709297052,26.142942
0.709410431,26.142141
0.709523810,26.141338
0.709637188,26.140537
0.709750567,26.139734
0.709863946,26.138929
0.709977324,26.138123
0.710090703,26.137316
0.710204082,26.136507
0.710317460,26.135698
0.710430839,26.134884
0.710544218,26.134071
0.710657596,26.133255
0.710770975,26.132439
0.710884354,26.131622
0.710997732,26.130802
0.711111111,26.129982
0.711224490,26.129158
0.711337868,26.128334
0.711451247,26.127508
0.711564626,26.126680
0.711678005,26.125853
0.711791383,26.125023
0.711904762,26.124191
0.712018141,26.123358
0.712131519,26.122524
0.712244898,26.121689
0.712358277,26.120852
0.712471655,26.120012
0.712585034,26.119171
0.712698413,26.118330
0.712811791,26.117485
0.712925170,26.116640
0.713038549,26.115791
0.713151927,26.114944
0.713265306,26.114092
0.713378685,26.113241
0.713492063,26.112385
0.713605442,26.111530
0.713718821,26.110672
0.713832200,26.109812
0.713945578,26.108948
0.714058957,26.108084
0.714172336,26.107216
0.714285714,26.106346
0.714399093,26.105474
0.714512472,26.104601
0.714625850,26.103724
0.714739229,26.102846
0.714852608,26.101965
0.714965986,26.101082
0.715079365,26.100195
0.715192744,26.099308
0.715306122,26.098417
0.715419501,26.097525
0.715532880,26.096628
0.715646259,26.095734
0.715759637,26.094833
0.715873016,26.093933
0.715986395,26.093029
0.716099773,26.092127
0.716213152,26.091221
0.716326531,26.090313
0.716439909,26.089403
0.716553288,26.088493
0.716666667,26.087582
0.716780045,26.086670
0.716893424,26.085756
0.717006803,26.084845
0.717120181,26.083929
0.717233560,26.083014
0.717346939,26.082098
0.717460317,26.081182
0.717573696,26.080265
0.717687075,26.079350
0.717800454,26.078434
0.717913832,26.077517
0.718027211,26.076599
0.718140590,26.075684
0.718253968,26.074768
0.718367347,26.073853
0.718480726,26.072937
0.718594104,26.072020
0.718707483,26.071104
0.718820862,26.070190
0.718934240,26.069277
0.719047619,26.068363
0.719160998,26.067450
0.719274376,26.066536
0.719387755,26.065622
0.719501134,26.064711
0.719614512,26.063799
0.719727891,26.062887
0.719841270,26.061975
0.719954649,26.061066
0.720068027,26.060158
0.720181406,26.059248
0.720294785,26.058338
0.720408163,26.057432
0.720521542,26.056526
0.720634921,26.055620
0.720748299,26.054714
0.720861678,26.053812
0.720975057,26.052910
0.721088435,26.052006
0.721201814,26.051107
0.721315193,26.050207
0.721428571,26.049311
0.721541950,26.048412
0.721655329,26.047518
0.721768707,26.046625
0.721882086,26.045732
0.721995465,26.044842
0.722108844,26.043955
0.722222222,26.043068
0.722335601,26.042183
0.722448980,26.041300
0.722562358,26.040419
0.722675737,26.039539
0.722789116,26.038664
0.722902494,26.037786
0.723015873,26.036915
0.723129252,26.036043
0.723242630,26.035175
0.723356009,26.034307
0.723469388,26.033442
0.723582766,26.032579
0.723696145,26.031717
0.723809524,26.030859
0.723922902,26.030001
0.724036281,26.029142
0.724149660,26.028288
0.724263039,26.027435
0.724376417,26.026583
0.724489796,26.025732
0.724603175,26.024881
0.724716553,26.024033
0.724829932,26.023184
0.724943311,26.022335
0.725056689,26.021490
0.725170068,26.020643
0.725283447,26.019796
0.725396825,26.018950
0.725510204,26.018105
0.725623583,26.017258
0.725736961,26.016413
0.725850340,26.015566
0.725963719,26.014719
0.726077098,26.013872
0.726190476,26.013025
0.726303855,26.012178
0.726417234,26.011330
0.726530612,26.010481
0.726643991,26.009632
0.726757370,26.008781
0.726870748,26.007931
0.726984127,26.007078
0.727097506,26.006227
0.727210884,26.005373
0.727324263,26.004520
0.727437642,26.003668
0.727551020,26.002811
0.727664399,26.001957
0.727777778,26.001101
0.727891156,26.000242
0.728004535,25.999384
0.728117914,25.998526
0.728231293,25.997665
0.728344671,25.996805
0.728458050,25.995943
0.728571429,25.995081
0.728684807,25.994217
0.728798186,25.993353
0.728911565,25.992489
0.729024943,25.991623
0.729138322,25.990755
0.729251701,25.989885
0.729365079,25.989016
0.729478458,25.988144
0.729591837,25.987270
0.729705215,25.986395
0.729818594,25.985519
0.729931973,25.984642
0.730045351,25.983761
0.730158730,25.982880
0.730272109,25.981995
0.730385488,25.981110
0.730498866,25.980219
0.730612245,25.979328
0.730725624,25.978434
0.730839002,25.977537
0.730952381,25.976635
0.731065760,25.975733
0.731179138,25.974829
0.731292517,25.973919
0.731405896,25.973007
0.731519274,25.972090
0.731632653,25.971170
0.731746032,25.970249
0.731859410,25.969322
0.731972789,25.968393
0.732086168,25.967461
0.732199546,25.966524
0.732312925,25.965586
0.732426304,25.964642
0.732539683,25.963696
0.732653061,25.962746
0.732766440,25.961794
0.732879819,25.960838
0.732993197,25.959879
0.733106576,25.958916
0.733219955,25.957951
0.733333333,25.956984
0.733446712,25.956013
0.733560091,25.955040
0.733673469,25.954063
0.733786848,25.953085
0.733900227,25.952105
0.734013605,25.951122
0.734126984,25.950138
0.734240363,25.949150
0.734353741,25.948160
0.734467120,25.947172
0.734580499,25.946178
0.734693878,25.945183
0.734807256,25.944189
0.734920635,25.943192
0.735034014,25.942190
0.735147392,25.941191
0.735260771,25.940189
0.735374150,25.939186
0.735487528,25.938179
0.735600907,25.937172
0.735714286,25.936163
0.735827664,25.935156
0.735941043,25.934145
0.736054422,25.933132
0.736167800,25.932117
0.736281179,25.931103
0.736394558,25.930084
0.736507937,25.929066
0.736621315,25.928045
0.736734694,25.927023
0.736848073,25.926003
0.736961451,25.924978
0.737074830,25.923954
0.737188209,25.922928
0.737301587,25.921902
0.737414966,25.920874
0.737528345,25.919846
0.737641723,25.918818
0.737755102,25.917788
0.737868481,25.916758
0.737981859,25.915728
0.738095238,25.914698
0.738208617,25.913668
0.738321995,25.912640
0.738435374,25.911610
0.738548753,25.910582
0.738662132,25.909555
0.738775510,25.908527
0.738888889,25.907501
0.739002268,25.906477
0.739115646,25.905455
0.739229025,25.904430
0.739342404,25.903412
0.739455782,25.902391
0.739569161,25.901375
0.739682540,25.900360
0.739795918,25.899347
0.739909297,25.898336
0.740022676,25.897327
0.740136054,25.896322
0.740249433,25.895319
0.740362812,25.894318
0.740476190,25.893320
0.740589569,25.892324
0.740702948,25.891331
0.740816327,25.890343
0.740929705,25.889355
0.741043084,25.888371
0.741156463,25.887388
0.741269841,25.886410
0.741383220,25.885433
0.741496599,25.884460
0.741609977,25.883490
0.741723356,25.882524
0.741836735,25.881559
0.741950113,25.880598
0.742063492,25.879639
0.742176871,25.878683
0.742290249,25.877728
0.742403628,25.876778
0.742517007,25.875830
0.742630385,25.874886
0.742743764,25.873941
0.742857143,25.873003
0.742970522,25.872066
0.743083900,25.871132
0.743197279,25.870201
0.743310658,25.869274
0.743424036,25.868349
0.743537415,25.867430
0.743650794,25.866510
0.743764172,25.865595
0.743877551,25.864683
0.743990930,25.863775
0.744104308,25.862873
0.744217687,25.861971
0.744331066,25.861076
0.744444444,25.860182
0.744557823,25.859293
0.744671202,25.858410
0.744784580,25.857529
0.744897959,25.856651
0.745011338,25.855780
0.745124717,25.854914
0.745238095,25.854050
0.745351474,25.853189
0.745464853,25.852335
0.745578231,25.851484
0.745691610,25.850639
0.745804989,25.849798
0.745918367,25.848961
0.746031746,25.848125
0.746145125,25.847298
0.746258503,25.846472
0.746371882,25.845654
0.746485261,25.844835
0.746598639,25.844023
0.746712018,25.843212
0.746825397,25.842407
0.746938776,25.841602
0.747052154,25.840805
0.747165533,25.840010
0.747278912,25.839216
0.747392290,25.838425
0.747505669,25.837639
0.747619048,25.836853
0.747732426,25.836071
0.747845805,25.835291
0.747959184,25.834513
0.748072562,25.833736
0.748185941,25.832964
0.748299320,25.832193
0.748412698,25.831423
0.748526077,25.830656
0.748639456,25.829889
0.748752834,25.829126
0.748866213,25.828362
0.748979592,25.827600
0.749092971,25.826843
0.749206349,25.826084
0.749319728,25.825329
0.749433107,25.824574
0.749546485,25.823822
0.749659864,25.823071
0.749773243,25.822319
0.749886621,25.821571
0.750000000,25.820826
0.750113379,25.820080
0.750226757,25.819336
0.750340136,25.818594
0.750453515,25.817852
0.750566893,25.817114
0.750680272,25.816376
0.750793651,25.815639
0.750907029,25.814905
0.751020408,25.814171
0.751133787,25.813438
0.751247166,25.812708
0.751360544,25.811977
0.751473923,25.811249
0.751587302,25.810522
0.751700680,25.809793
0.751814059,25.809069
0.751927438,25.808344
0.752040816,25.807619
0.752154195,25.806894
0.752267574,25.806171
0.752380952,25.805450
0.752494331,25.804728
0.752607710,25.804005
0.752721088,25.803284
0.752834467,25.802561
0.752947846,25.801838
0.753061224,25.801115
0.753174603,25.800392
0.753287982,25.799669
0.753401361,25.798948
0.753514739,25.798223
0.753628118,25.797499
0.753741497,25.796772
0.753854875,25.796047
0.753968254,25.795321
0.754081633,25.794594
0.754195011,25.793865
0.754308390,25.793137
0.754421769,25.792406
0.754535147,25.791677
0.754648526,25.790947
0.754761905,25.790216
0.754875283,25.789484
0.754988662,25.788754
0.755102041,25.788021
0.755215420,25.787289
0.755328798,25.786556
0.755442177,25.785824
0.755555556,25.785091
0.755668934,25.784359
0.755782313,25.783627
0.755895692,25.782896
0.756009070,25.782164
0.756122449,25.781433
0.756235828,25.780703
0.756349206,25.779974
0.756462585,25.779245
0.756575964,25.778517
0.756689342,25.777792
0.756802721,25.777065
0.756916100,25.776340
0.757029478,25.775618
0.757142857,25.774895
0.757256236,25.774174
0.757369615,25.773455
0.757482993,25.772738
0.757596372,25.772022
0.757709751,25.771307
0.757823129,25.770594
0.757936508,25.769880
0.758049887,25.769171
0.758163265,25.768459
0.758276644,25.767754
0.758390023,25.767046
0.758503401,25.766342
0.758616780,25.765638
0.758730159,25.764936
0.758843537,25.764238
0.758956916,25.763540
0.759070295,25.762842
0.759183673,25.762148
0.759297052,25.761456
0.759410431,25.760761
0.759523810,25.760073
0.759637188,25.759386
0.759750567,25.758699
0.759863946,25.758017
0.759977324,25.757336
0.760090703,25.756657
0.760204082,25.755980
0.760317460,25.755306
0.760430839,25.754635
0.760544218,25.753965
0.760657596,25.753300
0.760770975,25.752634
0.760884354,25.751974
0.760997732,25.751316
0.761111111,25.750660
0.761224490,25.750010
0.761337868,25.749361
0.761451247,25.748714
0.761564626,25.748072
0.761678005,25.747433
0.761791383,25.746798
0.761904762,25.746164
0.762018141,25.745535
0.762131519,25.744909
0.762244898,25.744287
0.762358277,25.743668
0.762471655,25.743052
0.762585034,25.742439
0.762698413,25.741829
0.762811791,25.741222
0.762925170,25.740620
0.763038549,25.740019
0.763151927,25.739422
0.763265306,25.738827
0.763378685,25.738234
0.763492063,25.737646
0.763605442,25.737059
0.763718821,25.736475
0.763832200,25.735893
0.763945578,25.735315
0.764058957,25.734739
0.764172336,25.734165
0.764285714,25.733593
0.764399093,25.733025
0.764512472,25.732456
0.764625850,25.731892
0.764739229,25.731329
0.764852608,25.730768
0.764965986,25.730209
0.765079365,25.729652
0.765192744,25.729097
0.765306122,25.728544
0.765419501,25.727993
0.765532880,25.727444
0.765646259,25.726898
0.765759637,25.726353
0.765873016,25.725807
0.765986395,25.725267
0.766099773,25.724728
0.766213152,25.724190
0.766326531,25.723652
0.766439909,25.723120
0.766553288,25.722586
0.766666667,25.722055
0.766780045,25.721525
0.766893424,25.720999
0.767006803,25.720472
0.767120181,25.719950
0.767233560,25.719427
0.767346939,25.718906
0.767460317,25.718388
0.767573696,25.717869
0.767687075,25.717354
0.767800454,25.716839
0.767913832,25.716326
0.768027211,25.715815
0.768140590,25.715302
0.768253968,25.714794
0.768367347,25.714285
0.768480726,25.713776
0.768594104,25.713268
0.768707483,25.712761
0.768820862,25.712254
0.768934240,25.711750
0.769047619,25.711245
0.769160998,25.710739
0.769274376,25.710232
0.769387755,25.709726
0.769501134,25.709221
0.769614512,25.708714
0.769727891,25.708206
0.769841270,25.707699
0.769954649,25.707191
0.770068027,25.706682
0.770181406,25.706171
0.770294785,25.705658
0.770408163,25.705147
0.770521542,25.704634
0.770634921,25.704119
0.770748299,25.703602
0.770861678,25.703085
0.770975057,25.702564
0.771088435,25.702045
0.771201814,25.701525
0.771315193,25.701002
0.771428571,25.700476
0.771541950,25.699949
0.771655329,25.699421
0.771768707,25.698893
0.771882086,25.698362
0.771995465,25.697828
0.772108844,25.697294
0.772222222,25.696758
0.772335601,25.696222
0.772448980,25.695683
0.772562358,25.695145
0.772675737,25.694601
0.772789116,25.694059
0.772902494,25.693516
0.773015873,25.692968
0.773129252,25.692421
0.773242630,25.691874
0.773356009,25.691322
0.773469388,25.690769
0.773582766,25.690216
0.773696145,25.689661
0.773809524,25.689104
0.773922902,25.688545
0.774036281,25.687983
0.774149660,25.687422
0.774263039,25.686855
0.774376417,25.686291
0.774489796,25.685722
0.774603175,25.685150
0.774716553,25.684576
0.774829932,25.684000
0.774943311,25.683422
0.775056689,25.682844
0.775170068,25.682259
0.775283447,25.681673
0.775396825,25.681086
0.775510204,25.680494
0.775623583,25.679899
0.775736961,25.679302
0.775850340,25.678701
0.775963719,25.678099
0.776077098,25.677494
0.776190476,25.676884
0.776303855,25.676271
0.776417234,25.675659
0.776530612,25.675041
0.776643991,25.674423
0.776757370,25.673800
0.776870748,25.673176
0.776984127,25.672548
0.777097506,25.671917
0.777210884,25.671286
0.777324263,25.670652
0.777437642,25.670015
0.777551020,25.669378
0.777664399,25.668739
0.777777778,25.668097
0.777891156,25.667456
0.778004535,25.666811
0.778117914,25.666166
0.778231293,25.665520
0.778344671,25.664873
0.778458050,25.664225
0.778571429,25.663576
0.778684807,25.662926
0.778798186,25.662275
0.778911565,25.661625
0.779024943,25.660973
0.779138322,25.660322
0.779251701,25.659672
0.779365079,25.659019
0.779478458,25.658367
0.779591837,25.657717
0.779705215,25.657064
0.779818594,25.656414
0.779931973,25.655762
0.780045351,25.655113
0.780158730,25.654463
0.780272109,25.653814
0.780385488,25.653164
0.780498866,25.652515
0.780612245,25.651869
0.780725624,25.651222
0.780839002,25.650576
0.780952381,25.649931
0.781065760,25.649284
0.781179138,25.648642
0.781292517,25.648001
0.781405896,25.647360
0.781519274,25.646719
0.781632653,25.646082
0.781746032,25.645447
0.781859410,25.644814
0.781972789,25.644180
0.782086168,25.643551
0.782199546,25.642921
0.782312925,25.642296
0.782426304,25.641672
0.782539683,25.641052
0.782653061,25.640432
0.782766440,25.639818
0.782879819,25.639208
0.782993197,25.638597
0.783106576,25.637991
0.783219955,25.637388
0.783333333,25.636789
0.783446712,25.636194
0.783560091,25.635605
0.783673469,25.635015
0.783786848,25.634434
0.783900227,25.633854
0.784013605,25.633278
0.784126984,25.632708
0.784240363,25.632141
0.784353741,25.631580
0.784467120,25.631023
0.784580499,25.630470
0.784693878,25.629923
0.784807256,25.629377
0.784920635,25.628841
0.785034014,25.628307
0.785147392,25.627777
0.785260771,25.627253
0.785374150,25.626734
0.785487528,25.626219
0.785600907,25.625708
0.785714286,25.625200
0.785827664,25.624699
0.785941043,25.624201
0.786054422,25.623709
0.786167800,25.623219
0.786281179,25.622732
0.786394558,25.622252
0.786507937,25.621775
0.786621315,25.621302
0.786734694,25.620832
0.786848073,25.620365
0.786961451,25.619902
0.787074830,25.619442
0.787188209,25.618988
0.787301587,25.618536
0.787414966,25.618088
0.787528345,25.617643
0.787641723,25.617203
0.787755102,25.616764
0.787868481,25.616329
0.787981859,25.615900
0.788095238,25.615473
0.788208617,25.615049
0.788321995,25.614628
0.788435374,25.614214
0.788548753,25.613800
0.788662132,25.613392
0.788775510,25.612986
0.788888889,25.612581
0.789002268,25.612185
0.789115646,25.611790
0.789229025,25.611399
0.789342404,25.611012
0.789455782,25.610626
0.789569161,25.610247
0.789682540,25.609869
0.789795918,25.609495
0.789909297,25.609125
0.790022676,25.608759
0.790136054,25.608393
0.790249433,25.608032
0.790362812,25.607676
0.790476190,25.607321
0.790589569,25.606968
0.790702948,25.606617
0.790816327,25.606272
0.790929705,25.605925
0.791043084,25.605581
0.791156463,25.605242
0.791269841,25.604902
0.791383220,25.604565
0.791496599,25.604229
0.791609977,25.603893
0.791723356,25.603559
0.791836735,25.603226
0.791950113,25.602894
0.792063492,25.602564
0.792176871,25.602234
0.792290249,25.601904
0.792403628,25.601572
0.792517007,25.601242
0.792630385,25.600912
0.792743764,25.600584
0.792857143,25.600252
0.792970522,25.599922
0.793083900,25.599590
0.793197279,25.599260
0.793310658,25.598928
0.793424036,25.598595
0.793537415,25.598261
0.793650794,25.597927
0.793764172,25.597591
0.793877551,25.597256
0.793990930,25.596920
0.794104308,25.596582
0.794217687,25.596245
0.794331066,25.595905
0.794444444,25.595566
0.794557823,25.595224
0.794671202,25.594881
0.794784580,25.594540
0.794897959,25.594196
0.795011338,25.593849
0.795124717,25.593504
0.795238095,25.593155
0.795351474,25.592808
0.795464853,25.592457
0.795578231,25.592106
0.795691610,25.591753
0.795804989,25.591398
0.795918367,25.591040
0.796031746,25.590683
0.796145125,25.590322
0.796258503,25.589962
0.796371882,25.589600
0.796485261,25.589233
0.796598639,25.588865
0.796712018,25.588495
0.796825397,25.588123
0.796938776,25.587749
0.797052154,25.587370
0.797165533,25.586990
0.797278912,25.586609
0.797392290,25.586224
0.797505669,25.585835
0.797619048,25.585445
0.797732426,25.585051
0.797845805,25.584656
0.797959184,25.584255
0.798072562,25.583853
0.798185941,25.583448
0.798299320,25.583040
0.798412698,25.582628
0.798526077,25.582212
0.798639456,25.581797
0.798752834,25.581375
0.798866213,25.580954
0.798979592,25.580528
0.799092971,25.580099
0.799206349,25.579668
0.799319728,25.579235
0.799433107,25.578798
0.799546485,25.578358
0.799659864,25.577919
0.799773243,25.577475
0.799886621,25.577030
0.800000000,25.576582
0.800113379,25.576134
0.800226757,25.575684
0.800340136,25.575232
0.800453515,25.574778
0.800566893,25.574322
0.800680272,25.573866
0.800793651,25.573408
0.800907029,25.572952
0.801020408,25.572493
0.801133787,25.572033
0.801247166,25.571571
0.801360544,25.571110
0.801473923,25.570650
0.801587302,25.570187
0.801700680,25.569723
0.801814059,25.569260
0.801927438,25.568796
0.802040816,25.568333
0.802154195,25.567867
0.802267574,25.567404
0.802380952,25.566938
0.802494331,25.566477
0.802607710,25.566011
0.802721088,25.565546
0.802834467,25.565083
0.802947846,25.564617
0.803061224,25.564152
0.803174603,25.563690
0.803287982,25.563225
0.803401361,25.562761
0.803514739,25.562300
0.803628118,25.561838
0.803741497,25.561375
0.803854875,25.560915
0.803968254,25.560455
0.804081633,25.559998
0.804195011,25.559540
0.804308390,25.559082
0.804421769,25.558628
0.804535147,25.558174
0.804648526,25.557722
0.804761905,25.557272
0.804875283,25.556826
0.804988662,25.556379
0.805102041,25.555939
0.805215420,25.555498
0.805328798,25.555059
0.805442177,25.554626
0.805555556,25.554195
0.805668934,25.553768
0.805782313,25.553345
0.805895692,25.552923
0.806009070,25.552505
0.806122449,25.552094
0.806235828,25.551683
0.806349206,25.551279
0.806462585,25.550879
0.806575964,25.550480
0.806689342,25.550089
0.806802721,25.549700
0.806916100,25.549314
0.807029478,25.548935
0.807142857,25.548557
0.807256236,25.548187
0.807369615,25.547819
0.807482993,25.547455
0.807596372,25.547096
0.807709751,25.546741
0.807823129,25.546392
0.807936508,25.546043
0.808049887,25.545702
0.808163265,25.545362
0.808276644,25.545027
0.808390023,25.544695
0.808503401,25.544365
0.808616780,25.544041
0.808730159,25.543720
0.808843537,25.543402
0.808956916,25.543087
0.809070295,25.542776
0.809183673,25.542465
0.809297052,25.542160
0.809410431,25.541859
0.809523810,25.541559
0.809637188,25.541264
0.809750567,25.540968
0.809863946,25.540678
0.809977324,25.540388
0.810090703,25.540104
0.810204082,25.539822
0.810317460,25.539539
0.810430839,25.539263
0.810544218,25.538986
0.810657596,25.538717
0.810770975,25.538446
0.810884354,25.538179
0.810997732,25.537916
0.811111111,25.537655
0.811224490,25.537397
0.811337868,25.537140
0.811451247,25.536888
0.811564626,25.536636
0.811678005,25.536388
0.811791383,25.536142
0.811904762,25.535900
0.812018141,25.535658
0.812131519,25.535419
0.812244898,25.535183
0.812358277,25.534948
0.812471655,25.534716
0.812585034,25.534483
0.812698413,25.534254
0.812811791,25.534023
0.812925170,25.533798
0.813038549,25.533571
0.813151927,25.533346
0.813265306,25.533121
0.813378685,25.532898
0.813492063,25.532677
0.813605442,25.532452
0.813718821,25.532228
0.813832200,25.532005
0.813945578,25.531784
0.814058957,25.531561
0.814172336,25.531336
0.814285714,25.531113
0.814399093,25.530888
0.814512472,25.530661
0.814625850,25.530436
0.814739229,25.530207
0.814852608,25.529978
0.814965986,25.529749
0.815079365,25.529516
0.815192744,25.529284
0.815306122,25.529049
0.815419501,25.528814
0.815532880,25.528574
0.815646259,25.528336
0.815759637,25.528095
0.815873016,25.527855
0.815986395,25.527611
0.816099773,25.527365
0.816213152,25.527119
0.816326531,25.526871
0.816439909,25.526619
0.816553288,25.526367
0.816666667,25.526115
0.816780045,25.525860
0.816893424,25.525602
0.817006803,25.525345
0.817120181,25.525085
0.817233560,25.524826
0.817346939,25.524563
0.817460317,25.524298
0.817573696,25.524033
0.817687075,25.523766
0.817800454,25.523497
0.817913832,25.523226
0.818027211,25.522955
0.818140590,25.522680
0.818253968,25.522406
0.818367347,25.522127
0.818480726,25.521849
0.818594104,25.521568
0.818707483,25.521284
0.818820862,25.521000
0.818934240,25.520714
0.819047619,25.520426
0.819160998,25.520136
0.819274376,25.519842
0.819387755,25.519550
0.819501134,25.519253
0.819614512,25.518955
0.819727891,25.518654
0.819841270,25.518353
0.819954649,25.518045
0.820068027,25.517740
0.820181406,25.517431
0.820294785,25.517120
0.820408163,25.516809
0.820521542,25.516495
0.820634921,25.516178
0.820748299,25.515860
0.820861678,25.515541
0.820975057,25.515221
0.821088435,25.514900
0.821201814,25.514576
0.821315193,25.514252
0.821428571,25.513926
0.821541950,25.513599
0.821655329,25.513271
0.821768707,25.512943
0.821882086,25.512615
0.821995465,25.512285
0.822108844,25.511957
0.822222222,25.511627
0.822335601,25.511299
0.822448980,25.510969
0.822562358,25.510641
0.822675737,25.510315
0.822789116,25.509985
0.822902494,25.509661
0.823015873,25.509335
0.823129252,25.509010
0.823242630,25.508688
0.823356009,25.508368
0.823469388,25.508047
0.823582766,25.507729
0.823696145,25.507414
0.823809524,25.507099
0.823922902,25.506786
0.824036281,25.506475
0.824149660,25.506166
0.824263039,25.505859
0.824376417,25.505556
0.824489796,25.505255
0.824603175,25.504953
0.824716553,25.504658
0.824829932,25.504362
0.824943311,25.504070
0.825056689,25.503780
0.825170068,25.503492
0.825283447,25.503208
0.825396825,25.502928
0.825510204,25.502645
0.825623583,25.502371
0.825736961,25.502096
0.825850340,25.501825
0.825963719,25.501556
0.826077098,25.501291
0.826190476,25.501028
0.826303855,25.500769
0.826417234,25.500509
0.826530612,25.500257
0.826643991,25.500004
0.826757370,25.499758
0.826870748,25.499512
0.826984127,25.499269
0.827097506,25.499031
0.827210884,25.498795
0.827324263,25.498562
0.827437642,25.498333
0.827551020,25.498108
0.827664399,25.497885
0.827777778,25.497665
0.827891156,25.497450
0.828004535,25.497238
0.828117914,25.497028
0.828231293,25.496826
0.828344671,25.496624
0.828458050,25.496429
0.828571429,25.496237
0.828684807,25.496046
0.828798186,25.495859
0.828911565,25.495680
0.829024943,25.495501
0.829138322,25.495325
0.829251701,25.495157
0.829365079,25.494989
0.829478458,25.494825
0.829591837,25.494665
0.829705215,25.494511
0.829818594,25.494356
0.829931973,25.494205
0.830045351,25.494059
0.830158730,25.493914
0.830272109,25.493773
0.830385488,25.493635
0.830498866,25.493500
0.830612245,25.493364
0.830725624,25.493233
0.830839002,25.493103
0.830952381,25.492975
0.831065760,25.492853
0.831179138,25.492729
0.831292517,25.492607
0.831405896,25.492487
0.831519274,25.492369
0.831632653,25.492250
0.831746032,25.492136
0.831859410,25.492020
0.831972789,25.491905
0.832086168,25.491795
0.832199546,25.491682
0.832312925,25.491571
0.832426304,25.491463
0.832539683,25.491354
0.832653061,25.491247
0.832766440,25.491138
0.832879819,25.491032
0.832993197,25.490929
0.833106576,25.490824
0.833219955,25.490721
0.833333333,25.490616
0.833446712,25.490513
0.833560091,25.490412
0.833673469,25.490311
0.833786848,25.490210
0.833900227,25.490110
0.834013605,25.490009
0.834126984,25.489910
0.834240363,25.489811
0.834353741,25.489712
0.834467120,25.489614
0.834580499,25.489515
0.834693878,25.489416
0.834807256,25.489317
0.834920635,25.489218
0.835034014,25.489117
0.835147392,25.489017
0.835260771,25.488916
0.835374150,25.488815
0.835487528,25.488712
0.835600907,25.488609
0.835714286,25.488504
0.835827664,25.488400
0.835941043,25.488293
0.836054422,25.488182
0.836167800,25.488073
0.836281179,25.487961
0.836394558,25.487846
0.836507937,25.487730
0.836621315,25.487612
0.836734694,25.487490
0.836848073,25.487368
0.836961451,25.487242
0.837074830,25.487114
0.837188209,25.486982
0.837301587,25.486849
0.837414966,25.486713
0.837528345,25.486574
0.837641723,25.486431
0.837755102,25.486288
0.837868481,25.486139
0.837981859,25.485991
0.838095238,25.485836
0.838208617,25.485682
0.838321995,25.485523
0.838435374,25.485361
0.838548753,25.485199
0.838662132,25.485031
0.838775510,25.484863
0.838888889,25.484692
0.839002268,25.484516
0.839115646,25.484341
0.839229025,25.484163
0.839342404,25.483980
0.839455782,25.483799
0.839569161,25.483614
0.839682540,25.483427
0.839795918,25.483236
0.839909297,25.483046
0.840022676,25.482851
0.840136054,25.482658
0.840249433,25.482462
0.840362812,25.482262
0.840476190,25.482059
0.840589569,25.481859
0.840702948,25.481653
0.840816327,25.481447
0.840929705,25.481241
0.841043084,25.481030
0.841156463,25.480818
0.841269841,25.480604
0.841383220,25.480389
0.841496599,25.480171
0.841609977,25.479952
0.841723356,25.479733
0.841836735,25.479509
0.841950113,25.479284
0.842063492,25.479057
0.842176871,25.478828
0.842290249,25.478600
0.842403628,25.478367
0.842517007,25.478134
0.842630385,25.477900
0.842743764,25.477663
0.842857143,25.477425
0.842970522,25.477186
0.843083900,25.476946
0.843197279,25.476704
0.843310658,25.476460
0.843424036,25.476217
0.843537415,25.475971
0.843650794,25.475727
0.843764172,25.475483
0.843877551,25.475237
0.843990930,25.474991
0.844104308,25.474745
0.844217687,25.474501
0.844331066,25.474255
0.844444444,25.474009
0.844557823,25.473764
0.844671202,25.473522
0.844784580,25.473280
0.844897959,25.473042
0.845011338,25.472801
0.845124717,25.472561
0.845238095,25.472324
0.845351474,25.472090
0.845464853,25.471857
0.845578231,25.471624
0.845691610,25.471395
0.845804989,25.471170
0.845918367,25.470943
0.846031746,25.470720
0.846145125,25.470497
0.846258503,25.470280
0.846371882,25.470062
0.846485261,25.469849
0.846598639,25.469635
0.846712018,25.469423
0.846825397,25.469217
0.846938776,25.469011
0.847052154,25.468807
0.847165533,25.468605
0.847278912,25.468407
0.847392290,25.468208
0.847505669,25.468014
0.847619048,25.467821
0.847732426,25.467630
0.847845805,25.467443
0.847959184,25.467257
0.848072562,25.467072
0.848185941,25.466892
0.848299320,25.466711
0.848412698,25.466536
0.848526077,25.466360
0.848639456,25.466187
0.848752834,25.466017
0.848866213,25.465849
0.848979592,25.465685
0.849092971,25.465523
0.849206349,25.465363
0.849319728,25.465204
0.849433107,25.465050
0.849546485,25.464897
0.849659864,25.464746
0.849773243,25.464600
0.849886621,25.464457
0.850000000,25.464315
0.850113379,25.464178
0.850226757,25.464043
0.850340136,25.463909
0.850453515,25.463781
0.850566893,25.463655
0.850680272,25.463531
0.850793651,25.463411
0.850907029,25.463295
0.851020408,25.463181
0.851133787,25.463068
0.851247166,25.462961
0.851360544,25.462854
0.851473923,25.462749
0.851587302,25.462650
0.851700680,25.462553
0.851814059,25.462458
0.851927438,25.462364
0.852040816,25.462271
0.852154195,25.462181
0.852267574,25.462095
0.852380952,25.462008
0.852494331,25.461924
0.852607710,25.461840
0.852721088,25.461758
0.852834467,25.461676
0.852947846,25.461597
0.853061224,25.461517
0.853174603,25.461437
0.853287982,25.461359
0.853401361,25.461281
0.853514739,25.461203
0.853628118,25.461124
0.853741497,25.461046
0.853854875,25.460968
0.853968254,25.460888
0.854081633,25.460808
0.854195011,25.460728
0.854308390,25.460646
0.854421769,25.460566
0.854535147,25.460482
0.854648526,25.460398
0.854761905,25.460312
0.854875283,25.460226
0.854988662,25.460136
0.855102041,25.460049
0.855215420,25.459959
0.855328798,25.459867
0.855442177,25.459774
0.855555556,25.459679
0.855668934,25.459583
0.855782313,25.459484
0.855895692,25.459385
0.856009070,25.459282
0.856122449,25.459177
0.856235828,25.459072
0.856349206,25.458963
0.856462585,25.458855
0.856575964,25.458742
0.856689342,25.458626
0.856802721,25.458509
0.856916100,25.458389
0.857029478,25.458267
0.857142857,25.458143
0.857256236,25.458014
0.857369615,25.457882
0.857482993,25.457748
0.857596372,25.457611
0.857709751,25.457472
0.857823129,25.457327
0.857936508,25.457180
0.858049887,25.457027
0.858163265,25.456873
0.858276644,25.456713
0.858390023,25.456551
0.858503401,25.456383
0.858616780,25.456211
0.858730159,25.456034
0.858843537,25.455854
0.858956916,25.455669
0.859070295,25.455481
0.859183673,25.455286
0.859297052,25.455086
0.859410431,25.454882
0.859523810,25.454674
0.859637188,25.454460
0.859750567,25.454241
0.859863946,25.454018
0.859977324,25.453791
0.860090703,25.453556
0.860204082,25.453318
0.860317460,25.453075
0.860430839,25.452826
0.860544218,25.452574
0.860657596,25.452314
0.860770975,25.452051
0.860884354,25.451786
0.860997732,25.451513
0.861111111,25.451237
0.861224490,25.450958
0.861337868,25.450674
0.861451247,25.450384
0.861564626,25.450092
0.861678005,25.449795
0.861791383,25.449495
0.861904762,25.449192
0.862018141,25.448885
0.862131519,25.448572
0.862244898,25.448259
0.862358277,25.447943
0.862471655,25.447620
0.862585034,25.447298
0.862698413,25.446970
0.862811791,25.446640
0.862925170,25.446308
0.863038549,25.445972
0.863151927,25.445633
0.863265306,25.445292
0.863378685,25.444948
0.863492063,25.444601
0.863605442,25.444252
0.863718821,25.443897
0.863832200,25.443542
0.863945578,25.443184
0.864058957,25.442823
0.864172336,25.442459
0.864285714,25.442095
0.864399093,25.441725
0.864512472,25.441353
0.864625850,25.440981
0.864739229,25.440605
0.864852608,25.440228
0.864965986,25.439848
0.865079365,25.439466
0.865192744,25.439083
0.865306122,25.438698
0.865419501,25.438311
0.865532880,25.437922
0.865646259,25.437534
0.865759637,25.437143
0.865873016,25.436752
0.865986395,25.436361
0.866099773,25.435968
0.866213152,25.435575
0.866326531,25.435183
0.866439909,25.434790
0.866553288,25.434397
0.866666667,25.434004
0.866780045,25.433611
0.866893424,25.433220
0.867006803,25.432831
0.867120181,25.432440
0.867233560,25.432051
0.867346939,25.431662
0.867460317,25.431276
0.867573696,25.430893
0.867687075,25.430510
0.867800454,25.430126
0.867913832,25.429749
0.868027211,25.429371
0.868140590,25.428995
0.868253968,25.428621
0.868367347,25.428251
0.868480726,25.427881
0.868594104,25.427515
0.868707483,25.427151
0.868820862,25.426790
0.868934240,25.426430
0.869047619,25.426071
0.869160998,25.425718
0.869274376,25.425367
0.869387755,25.425016
0.869501134,25.424671
0.869614512,25.424328
0.869727891,25.423986
0.869841270,25.423649
0.869954649,25.423315
0.870068027,25.422983
0.870181406,25.422655
0.870294785,25.422329
0.870408163,25.422007
0.870521542,25.421686
0.870634921,25.421370
0.870748299,25.421057
0.870861678,25.420748
0.870975057,25.420443
0.871088435,25.420141
0.871201814,25.419844
0.871315193,25.419548
0.871428571,25.419258
0.871541950,25.418970
0.871655329,25.418688
0.871768707,25.418411
0.871882086,25.418137
0.871995465,25.417868
0.872108844,25.417603
0.872222222,25.417339
0.872335601,25.417084
0.872448980,25.416832
0.872562358,25.416586
0.872675737,25.416342
0.872789116,25.416105
0.872902494,25.415873
0.873015873,25.415646
0.873129252,25.415422
0.873242630,25.415205
0.873356009,25.414991
0.873469388,25.414783
0.873582766,25.414581
0.873696145,25.414383
0.873809524,25.414188
0.873922902,25.414001
0.874036281,25.413815
0.874149660,25.413637
0.874263039,25.413462
0.874376417,25.413292
0.874489796,25.413126
0.874603175,25.412966
0.874716553,25.412807
0.874829932,25.412655
0.874943311,25.412506
0.875056689,25.412361
0.875170068,25.412222
0.875283447,25.412085
0.875396825,25.411951
0.875510204,25.411821
0.875623583,25.411697
0.875736961,25.411573
0.875850340,25.411455
0.875963719,25.411341
0.876077098,25.411226
0.876190476,25.411118
0.876303855,25.411011
0.876417234,25.410908
0.876530612,25.410807
0.876643991,25.410709
0.876757370,25.410614
0.876870748,25.410521
0.876984127,25.410431
0.877097506,25.410343
0.877210884,25.410259
0.877324263,25.410175
0.877437642,25.410095
0.877551020,25.410019
0.877664399,25.409943
0.877777778,25.409870
0.877891156,25.409800
0.878004535,25.409731
0.878117914,25.409664
0.878231293,25.409599
0.878344671,25.409538
0.878458050,25.409477
0.878571429,25.409420
0.878684807,25.409363
0.878798186,25.409307
0.878911565,25.409256
0.879024943,25.409203
0.879138322,25.409153
0.879251701,25.409103
0.879365079,25.409056
0.879478458,25.409008
0.879591837,25.408962
0.879705215,25.408918
0.879818594,25.408871
0.879931973,25.408827
0.880045351,25.408783
0.880158730,25.408741
0.880272109,25.408697
0.880385488,25.408651
0.880498866,25.408607
0.880612245,25.408560
0.880725624,25.408514
0.880839002,25.408468
0.880952381,25.408421
0.881065760,25.408371
0.881179138,25.408319
0.881292517,25.408270
0.881405896,25.408216
0.881519274,25.408161
0.881632653,25.408104
0.881746032,25.408047
0.881859410,25.407986
0.881972789,25.407925
0.882086168,25.407862
0.882199546,25.407795
0.882312925,25.407728
0.882426304,25.407660
0.882539683,25.407587
0.882653061,25.407515
0.882766440,25.407438
0.882879819,25.407360
0.882993197,25.407282
0.883106576,25.407200
0.883219955,25.407118
0.883333333,25.407032
0.883446712,25.406946
0.883560091,25.406857
0.883673469,25.406767
0.883786848,25.406673
0.883900227,25.406580
0.884013605,25.406485
0.884126984,25.406387
0.884240363,25.406288
0.884353741,25.406187
0.884467120,25.406088
0.884580499,25.405983
0.884693878,25.405878
0.884807256,25.405773
0.884920635,25.405664
0.885034014,25.405556
0.885147392,25.405445
0.885260771,25.405334
0.885374150,25.405222
0.885487528,25.405107
0.885600907,25.404991
0.885714286,25.404875
0.885827664,25.404757
0.885941043,25.404638
0.886054422,25.404518
0.886167800,25.404396
0.886281179,25.404272
0.886394558,25.404148
0.886507937,25.404024
0.886621315,25.403896
0.886734694,25.403769
0.886848073,25.403643
0.886961451,25.403511
0.887074830,25.403381
0.887188209,25.403252
0.887301587,25.403120
0.887414966,25.402988
0.887528345,25.402857
0.887641723,25.402727
0.887755102,25.402594
0.887868481,25.402464
0.887981859,25.402332
0.888095238,25.402203
0.888208617,25.402073
0.888321995,25.401943
0.888435374,25.401819
0.888548753,25.401691
0.888662132,25.401567
0.888775510,25.401445
0.888888889,25.401325
0.889002268,25.401207
0.889115646,25.401091
0.889229025,25.400978
0.889342404,25.400867
0.889455782,25.400761
0.889569161,25.400654
0.889682540,25.400553
0.889795918,25.400454
0.889909297,25.400358
0.890022676,25.400267
0.890136054,25.400181
0.890249433,25.400095
0.890362812,25.400015
0.890476190,25.399937
0.890589569,25.399862
0.890702948,25.399794
0.890816327,25.399727
0.890929705,25.399662
0.891043084,25.399605
0.891156463,25.399549
0.891269841,25.399496
0.891383220,25.399448
0.891496599,25.399405
0.891609977,25.399364
0.891723356,25.399324
0.891836735,25.399292
0.891950113,25.399261
0.892063492,25.399233
0.892176871,25.399210
0.892290249,25.399189
0.892403628,25.399174
0.892517007,25.399158
0.892630385,25.399149
0.892743764,25.399141
0.892857143,25.399136
0.892970522,25.399136
0.893083900,25.399137
0.893197279,25.399143
0.893310658,25.399153
0.893424036,25.399164
0.893537415,25.399179
0.893650794,25.399197
0.893764172,25.399218
0.893877551,25.399242
0.893990930,25.399269
0.894104308,25.399300
0.894217687,25.399334
0.894331066,25.399372
0.894444444,25.399412
0.894557823,25.399454
0.894671202,25.399500
0.894784580,25.399551
0.894897959,25.399603
0.895011338,25.399660
0.895124717,25.399717
0.895238095,25.399780
0.895351474,25.399843
0.895464853,25.399910
0.895578231,25.399981
0.895691610,25.400053
0.895804989,25.400129
0.895918367,25.400208
0.896031746,25.400286
0.896145125,25.400370
0.896258503,25.400454
0.896371882,25.400539
0.896485261,25.400627
0.896598639,25.400717
0.896712018,25.400810
0.896825397,25.400902
0.896938776,25.400997
0.897052154,25.401091
0.897165533,25.401188
0.897278912,25.401283
0.897392290,25.401381
0.897505669,25.401478
0.897619048,25.401577
0.897732426,25.401674
0.897845805,25.401772
0.897959184,25.401867
0.898072562,25.401966
0.898185941,25.402061
0.898299320,25.402159
0.898412698,25.402254
0.898526077,25.402348
0.898639456,25.402443
0.898752834,25.402536
0.898866213,25.402628
0.898979592,25.402718
0.899092971,25.402805
0.899206349,25.402895
0.899319728,25.402981
0.899433107,25.403067
0.899546485,25.403151
0.899659864,25.403233
0.899773243,25.403313
0.899886621,25.403391
0.900000000,25.403469
0.900113379,25.403545
0.900226757,25.403618
0.900340136,25.403690
0.900453515,25.403761
0.900566893,25.403830
0.900680272,25.403894
0.900793651,25.403959
0.900907029,25.404022
0.901020408,25.404081
0.901133787,25.404139
0.901247166,25.404194
0.901360544,25.404245
0.901473923,25.404295
0.901587302,25.404343
0.901700680,25.404388
0.901814059,25.404432
0.901927438,25.404470
0.902040816,25.404505
0.902154195,25.404539
0.902267574,25.404572
0.902380952,25.404598
0.902494331,25.404623
0.902607710,25.404644
0.902721088,25.404659
0.902834467,25.404673
0.902947846,25.404686
0.903061224,25.404694
0.903174603,25.404697
0.903287982,25.404697
0.903401361,25.404694
0.903514739,25.404686
0.903628118,25.404676
0.903741497,25.404663
0.903854875,25.404646
0.903968254,25.404625
0.904081633,25.404602
0.904195011,25.404577
0.904308390,25.404547
0.904421769,25.404512
0.904535147,25.404478
0.904648526,25.404438
0.904761905,25.404398
0.904875283,25.404354
0.904988662,25.404308
0.905102041,25.404261
0.905215420,25.404209
0.905328798,25.404156
0.905442177,25.404100
0.905555556,25.404045
0.905668934,25.403986
0.905782313,25.403929
0.905895692,25.403866
0.906009070,25.403803
0.906122449,25.403738
0.906235828,25.403673
0.906349206,25.403606
0.906462585,25.403540
0.906575964,25.403473
0.906689342,25.403402
0.906802721,25.403334
0.906916100,25.403263
0.907029478,25.403193
0.907142857,25.403122
0.907256236,25.403049
0.907369615,25.402979
0.907482993,25.402906
0.907596372,25.402836
0.907709751,25.402763
0.907823129,25.402693
0.907936508,25.402620
0.908049887,25.402550
0.908163265,25.402477
0.908276644,25.402407
0.908390023,25.402336
0.908503401,25.402266
0.908616780,25.402195
0.908730159,25.402126
0.908843537,25.402058
0.908956916,25.401987
0.909070295,25.401920
0.909183673,25.401854
0.909297052,25.401789
0.909410431,25.401722
0.909523810,25.401659
0.909637188,25.401596
0.909750567,25.401535
0.909863946,25.401476
0.909977324,25.401417
0.910090703,25.401360
0.910204082,25.401304
0.910317460,25.401251
0.910430839,25.401199
0.910544218,25.401152
0.910657596,25.401104
0.910770975,25.401060
0.910884354,25.401018
0.910997732,25.400978
0.911111111,25.400942
0.911224490,25.400908
0.911337868,25.400879
0.911451247,25.400850
0.911564626,25.400826
0.911678005,25.400805
0.911791383,25.400787
0.911904762,25.400772
0.912018141,25.400761
0.912131519,25.400753
0.912244898,25.400749
0.912358277,25.400749
0.912471655,25.400753
0.912585034,25.400761
0.912698413,25.400772
0.912811791,25.400787
0.912925170,25.400808
0.913038549,25.400831
0.913151927,25.400860
0.913265306,25.400890
0.913378685,25.400927
0.913492063,25.400967
0.913605442,25.401011
0.913718821,25.401058
0.913832200,25.401112
0.913945578,25.401169
0.914058957,25.401230
0.914172336,25.401295
0.914285714,25.401365
0.914399093,25.401440
0.914512472,25.401518
0.914625850,25.401602
0.914739229,25.401690
0.914852608,25.401781
0.914965986,25.401876
0.915079365,25.401978
0.915192744,25.402082
0.915306122,25.402193
0.915419501,25.402308
0.915532880,25.402426
0.915646259,25.402550
0.915759637,25.402678
0.915873016,25.402809
0.915986395,25.402946
0.916099773,25.403090
0.916213152,25.403234
0.916326531,25.403385
0.916439909,25.403542
0.916553288,25.403700
0.916666667,25.403864
0.916780045,25.404034
0.916893424,25.404207
0.917006803,25.404385
0.917120181,25.404568
0.917233560,25.404757
0.917346939,25.404947
0.917460317,25.405144
0.917573696,25.405344
0.917687075,25.405550
0.917800454,25.405760
0.917913832,25.405973
0.918027211,25.406191
0.918140590,25.406414
0.918253968,25.406641
0.918367347,25.406870
0.918480726,25.407103
0.918594104,25.407339
0.918707483,25.407579
0.918820862,25.407824
0.918934240,25.408072
0.919047619,25.408319
0.919160998,25.408573
0.919274376,25.408827
0.919387755,25.409086
0.919501134,25.409346
0.919614512,25.409607
0.919727891,25.409872
0.919841270,25.410137
0.919954649,25.410404
0.920068027,25.410671
0.920181406,25.410942
0.920294785,25.411215
0.920408163,25.411486
0.920521542,25.411760
0.920634921,25.412035
0.920748299,25.412310
0.920861678,25.412586
0.920975057,25.412861
0.921088435,25.413139
0.921201814,25.413416
0.921315193,25.413692
0.921428571,25.413971
0.921541950,25.414248
0.921655329,25.414528
0.921768707,25.414806
0.921882086,25.415085
0.921995465,25.415365
0.922108844,25.415642
0.922222222,25.415922
0.922335601,25.416201
0.922448980,25.416479
0.922562358,25.416759
0.922675737,25.417036
0.922789116,25.417315
0.922902494,25.417593
0.923015873,25.417870
0.923129252,25.418148
0.923242630,25.418423
0.923356009,25.418701
0.923469388,25.418974
0.923582766,25.419250
0.923696145,25.419523
0.923809524,25.419796
0.923922902,25.420071
0.924036281,25.420340
0.924149660,25.420610
0.924263039,25.420879
0.924376417,25.421148
0.924489796,25.421415
0.924603175,25.421679
0.924716553,25.421944
0.924829932,25.422205
0.924943311,25.422464
0.925056689,25.422722
0.925170068,25.422977
0.925283447,25.423233
0.925396825,25.423485
0.925510204,25.423735
0.925623583,25.423985
0.925736961,25.424229
0.925850340,25.424473
0.925963719,25.424715
0.926077098,25.424953
0.926190476,25.425190
0.926303855,25.425425
0.926417234,25.425659
0.926530612,25.425890
0.926643991,25.426119
0.926757370,25.426344
0.926870748,25.426569
0.926984127,25.426790
0.927097506,25.427011
0.927210884,25.427231
0.927324263,25.427448
0.927437642,25.427664
0.927551020,25.427879
0.927664399,25.428093
0.927777778,25.428303
0.927891156,25.428516
0.928004535,25.428724
0.928117914,25.428932
0.928231293,25.429142
0.928344671,25.429348
0.928458050,25.429552
0.928571429,25.429760
0.928684807,25.429964
0.928798186,25.430168
0.928911565,25.430372
0.929024943,25.430576
0.929138322,25.430779
0.929251701,25.430983
0.929365079,25.431185
0.929478458,25.431389
0.929591837,25.431589
0.929705215,25.431793
0.929818594,25.431995
0.929931973,25.432199
0.930045351,25.432404
0.930158730,25.432604
0.930272109,25.432808
0.930385488,25.433012
0.930498866,25.433216
0.930612245,25.433418
0.930725624,25.433622
0.930839002,25.433826
0.930952381,25.434032
0.931065760,25.434237
0.931179138,25.434443
0.931292517,25.434649
0.931405896,25.434855
0.931519274,25.435062
0.931632653,25.435270
0.931746032,25.435478
0.931859410,25.435690
0.931972789,25.435900
0.932086168,25.436111
0.932199546,25.436323
0.932312925,25.436539
0.932426304,25.436754
0.932539683,25.436972
0.932653061,25.437191
0.932766440,25.437412
0.932879819,25.437634
0.932993197,25.437859
0.933106576,25.438087
0.933219955,25.438316
0.933333333,25.438549
0.933446712,25.438784
0.933560091,25.439022
0.933673469,25.439262
0.933786848,25.439505
0.933900227,25.439751
0.934013605,25.440001
0.934126984,25.440252
0.934240363,25.440510
0.934353741,25.440769
0.934467120,25.441032
0.934580499,25.441299
0.934693878,25.441568
0.934807256,25.441841
0.934920635,25.442120
0.935034014,25.442398
0.935147392,25.442682
0.935260771,25.442970
0.935374150,25.443262
0.935487528,25.443556
0.935600907,25.443853
0.935714286,25.444157
0.935827664,25.444462
0.935941043,25.444769
0.936054422,25.445080
0.936167800,25.445396
0.936281179,25.445715
0.936394558,25.446033
0.936507937,25.446360
0.936621315,25.446686
0.936734694,25.447014
0.936848073,25.447348
0.936961451,25.447683
0.937074830,25.448021
0.937188209,25.448360
0.937301587,25.448704
0.937414966,25.449049
0.937528345,25.449396
0.937641723,25.449747
0.937755102,25.450100
0.937868481,25.450455
0.937981859,25.450811
0.938095238,25.451170
0.938208617,25.451532
0.938321995,25.451897
0.938435374,25.452265
0.938548753,25.452633
0.938662132,25.453005
0.938775510,25.453377
0.938888889,25.453754
0.939002268,25.454132
0.939115646,25.454512
0.939229025,25.454895
0.939342404,25.455280
0.939455782,25.455667
0.939569161,25.456057
0.939682540,25.456448
0.939795918,25.456841
0.939909297,25.457235
0.940022676,25.457632
0.940136054,25.458031
0.940249433,25.458431
0.940362812,25.458832
0.940476190,25.459236
0.940589569,25.459639
0.940702948,25.460045
0.940816327,25.460451
0.940929705,25.460859
0.941043084,25.461267
0.941156463,25.461676
0.941269841,25.462086
0.941383220,25.462496
0.941496599,25.462906
0.941609977,25.463316
0.941723356,25.463728
0.941836735,25.464138
0.941950113,25.464548
0.942063492,25.464956
0.942176871,25.465364
0.942290249,25.465773
0.942403628,25.466181
0.942517007,25.466589
0.942630385,25.466995
0.942743764,25.467402
0.942857143,25.467804
0.942970522,25.468206
0.943083900,25.468607
0.943197279,25.469009
0.943310658,25.469408
0.943424036,25.469805
0.943537415,25.470201
0.943650794,25.470596
0.943764172,25.470991
0.943877551,25.471384
0.943990930,25.471773
0.944104308,25.472162
0.944217687,25.472551
0.944331066,25.472939
0.944444444,25.473324
0.944557823,25.473707
0.944671202,25.474091
0.944784580,25.474470
0.944897959,25.474850
0.945011338,25.475227
0.945124717,25.475607
0.945238095,25.475981
0.945351474,25.476355
0.945464853,25.476728
0.945578231,25.477098
0.945691610,25.477468
0.945804989,25.477837
0.945918367,25.478203
0.946031746,25.478567
0.946145125,25.478931
0.946258503,25.479294
0.946371882,25.479652
0.946485261,25.480011
0.946598639,25.480366
0.946712018,25.480721
0.946825397,25.481073
0.946938776,25.481424
0.947052154,25.481773
0.947165533,25.482119
0.947278912,25.482462
0.947392290,25.482803
0.947505669,25.483143
0.947619048,25.483480
0.947732426,25.483816
0.947845805,25.484148
0.947959184,25.484482
0.948072562,25.484808
0.948185941,25.485134
0.948299320,25.485458
0.948412698,25.485779
0.948526077,25.486099
0.948639456,25.486418
0.948752834,25.486734
0.948866213,25.487047
0.948979592,25.487360
0.949092971,25.487669
0.949206349,25.487978
0.949319728,25.488283
0.949433107,25.488588
0.949546485,25.488894
0.949659864,25.489197
0.949773243,25.489498
0.949886621,25.489799
0.950000000,25.490099
0.950113379,25.490400
0.950226757,25.490700
0.950340136,25.490999
0.950453515,25.491297
0.950566893,25.491596
0.950680272,25.491896
0.950793651,25.492195
0.950907029,25.492495
0.951020408,25.492796
0.951133787,25.493095
0.951247166,25.493397
0.951360544,25.493698
0.951473923,25.494003
0.951587302,25.494307
0.951700680,25.494612
0.951814059,25.494919
0.951927438,25.495228
0.952040816,25.495537
0.952154195,25.495848
0.952267574,25.496159
0.952380952,25.496473
0.952494331,25.496790
0.952607710,25.497105
0.952721088,25.497423
0.952834467,25.497746
0.952947846,25.498066
0.953061224,25.498392
0.953174603,25.498718
0.953287982,25.499046
0.953401361,25.499378
0.953514739,25.499710
0.953628118,25.500044
0.953741497,25.500381
0.953854875,25.500721
0.953968254,25.501060
0.954081633,25.501406
0.954195011,25.501753
0.954308390,25.502102
0.954421769,25.502453
0.954535147,25.502810
0.954648526,25.503168
0.954761905,25.503529
0.954875283,25.503891
0.954988662,25.504259
0.955102041,25.504631
0.955215420,25.505003
0.955328798,25.505381
0.955442177,25.505760
0.955555556,25.506145
0.955668934,25.506535
0.955782313,25.506926
0.955895692,25.507320
0.956009070,25.507721
0.956122449,25.508125
0.956235828,25.508532
0.956349206,25.508944
0.956462585,25.509359
0.956575964,25.509779
0.956689342,25.510202
0.956802721,25.510632
0.956916100,25.511063
0.957029478,25.511497
0.957142857,25.511938
0.957256236,25.512383
0.957369615,25.512829
0.957482993,25.513281
0.957596372,25.513737
0.957709751,25.514194
0.957823129,25.514658
0.957936508,25.515123
0.958049887,25.515594
0.958163265,25.516066
0.958276644,25.516541
0.958390023,25.517019
0.958503401,25.517502
0.958616780,25.517986
0.958730159,25.518475
0.958843537,25.518963
0.958956916,25.519455
0.959070295,25.519949
0.959183673,25.520445
0.959297052,25.520945
0.959410431,25.521444
0.959523810,25.521946
0.959637188,25.522448
0.959750567,25.522953
0.959863946,25.523458
0.959977324,25.523966
0.960090703,25.524471
0.960204082,25.524981
0.960317460,25.525492
0.960430839,25.526003
0.960544218,25.526512
0.960657596,25.527023
0.960770975,25.527534
0.960884354,25.528046
0.960997732,25.528557
0.961111111,25.529070
0.961224490,25.529581
0.961337868,25.530090
0.961451247,25.530602
0.961564626,25.531113
0.961678005,25.531620
0.961791383,25.532127
0.961904762,25.532635
0.962018141,25.533140
0.962131519,25.533644
0.962244898,25.534147
0.962358277,25.534647
0.962471655,25.535147
0.962585034,25.535643
0.962698413,25.536137
0.962811791,25.536629
0.962925170,25.537117
0.963038549,25.537603
0.963151927,25.538088
0.963265306,25.538568
0.963378685,25.539043
0.963492063,25.539516
0.963605442,25.539988
0.963718821,25.540451
0.963832200,25.540915
0.963945578,25.541372
0.964058957,25.541824
0.964172336,25.542273
0.964285714,25.542717
0.964399093,25.543158
0.964512472,25.543591
0.964625850,25.544024
0.964739229,25.544447
0.964852608,25.544865
0.964965986,25.545280
0.965079365,25.545691
0.965192744,25.546093
0.965306122,25.546492
0.965419501,25.546885
0.965532880,25.547272
0.965646259,25.547651
0.965759637,25.548029
0.965873016,25.548399
0.965986395,25.548763
0.966099773,25.549122
0.966213152,25.549475
0.966326531,25.549824
0.966439909,25.550165
0.966553288,25.550503
0.966666667,25.550835
0.966780045,25.551161
0.966893424,25.551481
0.967006803,25.551796
0.967120181,25.552107
0.967233560,25.552414
0.967346939,25.552713
0.967460317,25.553009
0.967573696,25.553299
0.967687075,25.553585
0.967800454,25.553864
0.967913832,25.554140
0.968027211,25.554411
0.968140590,25.554676
0.968253968,25.554937
0.968367347,25.555195
0.968480726,25.555447
0.968594104,25.555693
0.968707483,25.555935
0.968820862,25.556173
0.968934240,25.556404
0.969047619,25.556633
0.969160998,25.556856
0.969274376,25.557072
0.969387755,25.557287
0.969501134,25.557493
0.969614512,25.557695
0.969727891,25.557896
0.969841270,25.558088
0.969954649,25.558275
0.970068027,25.558460
0.970181406,25.558638
0.970294785,25.558811
0.970408163,25.558981
0.970521542,25.559143
0.970634921,25.559303
0.970748299,25.559458
0.970861678,25.559607
0.970975057,25.559753
0.971088435,25.559893
0.971201814,25.560028
0.971315193,25.560162
0.971428571,25.560287
0.971541950,25.560413
0.971655329,25.560532
0.971768707,25.560648
0.971882086,25.560762
0.971995465,25.560871
0.972108844,25.560976
0.972222222,25.561079
0.972335601,25.561178
0.972448980,25.561274
0.972562358,25.561367
0.972675737,25.561460
0.972789116,25.561548
0.972902494,25.561634
0.973015873,25.561718
0.973129252,25.561800
0.973242630,25.561880
0.973356009,25.561958
0.973469388,25.562037
0.973582766,25.562111
0.973696145,25.562181
0.973809524,25.562254
0.973922902,25.562326
0.974036281,25.562395
0.974149660,25.562464
0.974263039,25.562531
0.974376417,25.562595
0.974489796,25.562662
0.974603175,25.562725
0.974716553,25.562788
0.974829932,25.562851
0.974943311,25.562912
0.975056689,25.562973
0.975170068,25.563034
0.975283447,25.563093
0.975396825,25.563152
0.975510204,25.563211
0.975623583,25.563267
0.975736961,25.563326
0.975850340,25.563383
0.975963719,25.563440
0.976077098,25.563498
0.976190476,25.563555
0.976303855,25.563612
0.976417234,25.563669
0.976530612,25.563728
0.976643991,25.563787
0.976757370,25.563845
0.976870748,25.563906
0.976984127,25.563967
0.977097506,25.564030
0.977210884,25.564091
0.977324263,25.564156
0.977437642,25.564220
0.977551020,25.564291
0.977664399,25.564360
0.977777778,25.564430
0.977891156,25.564505
0.978004535,25.564581
0.978117914,25.564657
0.978231293,25.564739
0.978344671,25.564821
0.978458050,25.564907
0.978571429,25.564997
0.978684807,25.565088
0.978798186,25.565184
0.978911565,25.565283
0.979024943,25.565384
0.979138322,25.565491
0.979251701,25.565598
0.979365079,25.565710
0.979478458,25.565826
0.979591837,25.565945
0.979705215,25.566069
0.979818594,25.566195
0.979931973,25.566324
0.980045351,25.566458
0.980158730,25.566595
0.980272109,25.566738
0.980385488,25.566881
0.980498866,25.567028
0.980612245,25.567181
0.980725624,25.567335
0.980839002,25.567493
0.980952381,25.567656
0.981065760,25.567820
0.981179138,25.567987
0.981292517,25.568161
0.981405896,25.568336
0.981519274,25.568516
0.981632653,25.568697
0.981746032,25.568882
0.981859410,25.569071
0.981972789,25.569262
0.982086168,25.569458
0.982199546,25.569658
0.982312925,25.569859
0.982426304,25.570066
0.982539683,25.570274
0.982653061,25.570488
0.982766440,25.570705
0.982879819,25.570927
0.982993197,25.571152
0.983106576,25.571379
0.983219955,25.571609
0.983333333,25.571846
0.983446712,25.572086
0.983560091,25.572329
0.983673469,25.572575
0.983786848,25.572824
0.983900227,25.573078
0.984013605,25.573338
0.984126984,25.573599
0.984240363,25.573864
0.984353741,25.574133
0.984467120,25.574406
0.984580499,25.574682
0.984693878,25.574963
0.984807256,25.575247
0.984920635,25.575533
0.985034014,25.575825
0.985147392,25.576118
0.985260771,25.576414
0.985374150,25.576717
0.985487528,25.577021
0.985600907,25.577328
0.985714286,25.577637
0.985827664,25.577951
0.985941043,25.578266
0.986054422,25.578587
0.986167800,25.578907
0.986281179,25.579231
0.986394558,25.579557
0.986507937,25.579885
0.986621315,25.580219
0.986734694,25.580551
0.986848073,25.580887
0.986961451,25.581224
0.987074830,25.581564
0.987188209,25.581905
0.987301587,25.582249
0.987414966,25.582596
0.987528345,25.582941
0.987641723,25.583292
0.987755102,25.583641
0.987868481,25.583994
0.987981859,25.584349
0.988095238,25.584707
0.988208617,25.585064
0.988321995,25.585424
0.988435374,25.585787
0.988548753,25.586151
0.988662132,25.586517
0.988775510,25.586885
0.988888889,25.587255
0.989002268,25.587629
0.989115646,25.588003
0.989229025,25.588379
0.989342404,25.588760
0.989455782,25.589142
0.989569161,25.589527
0.989682540,25.589912
0.989795918,25.590302
0.989909297,25.590693
0.990022676,25.591087
0.990136054,25.591484
0.990249433,25.591883
0.990362812,25.592285
0.990476190,25.592690
0.990589569,25.593096
0.990702948,25.593506
0.990816327,25.593918
0.990929705,25.594330
0.991043084,25.594748
0.991156463,25.595167
0.991269841,25.595587
0.991383220,25.596008
0.991496599,25.596434
0.991609977,25.596859
0.991723356,25.597286
0.991836735,25.597717
0.991950113,25.598148
0.992063492,25.598581
0.992176871,25.599016
0.992290249,25.599451
0.992403628,25.599890
0.992517007,25.600327
0.992630385,25.600767
0.992743764,25.601208
0.992857143,25.601650
0.992970522,25.602095
0.993083900,25.602539
0.993197279,25.602985
0.993310658,25.603432
0.993424036,25.603880
0.993537415,25.604330
0.993650794,25.604782
0.993764172,25.605236
0.993877551,25.605690
0.993990930,25.606146
0.994104308,25.606604
0.994217687,25.607063
0.994331066,25.607523
0.994444444,25.607988
0.994557823,25.608454
0.994671202,25.608919
0.994784580,25.609390
0.994897959,25.609861
0.995011338,25.610334
0.995124717,25.610809
0.995238095,25.611286
0.995351474,25.611767
0.995464853,25.612249
0.995578231,25.612734
0.995691610,25.613222
0.995804989,25.613710
0.995918367,25.614202
0.996031746,25.614695
0.996145125,25.615191
0.996258503,25.615686
0.996371882,25.616186
0.996485261,25.616686
0.996598639,25.617189
0.996712018,25.617695
0.996825397,25.618200
0.996938776,25.618710
0.997052154,25.619219
0.997165533,25.619730
0.997278912,25.620241
0.997392290,25.620756
0.997505669,25.621271
0.997619048,25.621788
0.997732426,25.622307
0.997845805,25.622826
0.997959184,25.623348
0.998072562,25.623871
0.998185941,25.624395
0.998299320,25.624922
0.998412698,25.625448
0.998526077,25.625977
0.998639456,25.626507
0.998752834,25.627041
0.998866213,25.627575
0.998979592,25.628107
0.999092971,25.628645
0.999206349,25.629183
0.999319728,25.629725
0.999433107,25.630264
0.999546485,25.630810
0.999659864,25.631355
0.999773243,25.631903
0.999886621,25.632452
